1166	1240	1165	1165	0.125	0.125
1239	1240	1165	1165	0.125	0.125
1166	1241	1167	1167	0.125	0.125
1244	1241	1167	1167	0.125	0.125
1239	1242	1316	1317	0.166667	0.166667
1244	1243	1336	1337	0.166667	0.166667
1239	1316	1238	1238	0.125	0.125
1315	1316	1238	1238	0.125	0.125
1239	1317	1242	1240	0.166667	0.166667
1411	1318	1410	1410	0.125	0.125
1315	1318	1410	1410	0.125	0.125
1411	1319	1417	1412	0.166667	0.166667
1242	1320	1239	1239	0.0833333	0.0833333
1317	1320	1239	1239	0.0833333	0.0833333
1242	1321	1243	1243	0.125	0.125
1317	1322	1319	1319	0.125	0.125
1243	1324	1242	1242	0.125	0.125
1243	1325	1244	1244	0.0833333	0.0833333
1336	1325	1244	1244	0.0833333	0.0833333
1336	1327	1338	1338	0.125	0.125
1319	1328	1317	1317	0.125	0.125
1412	1330	1411	1411	0.0833333	0.0833333
1319	1330	1411	1411	0.0833333	0.0833333
1412	1331	1415	1413	0.166667	0.166667
1338	1333	1336	1336	0.125	0.125
1338	1335	1422	1423	0.166667	0.166667
1244	1336	1241	1243	0.166667	0.166667
1244	1337	1245	1245	0.125	0.125
1340	1337	1245	1245	0.125	0.125
1340	1339	1435	1436	0.166667	0.166667
1411	1412	1319	1318	0.166667	0.166667
1411	1417	1509	1509	0.125	0.125
1412	1413	1331	1330	0.166667	0.166667
1412	1415	1417	1417	0.125	0.125
1417	1418	1412	1412	0.125	0.125
1511	1420	1510	1510	0.125	0.125
1417	1420	1510	1510	0.125	0.125
1511	1421	1516	1514	0.166667	0.166667
1338	1422	1333	1335	0.166667	0.166667
1338	1423	1339	1339	0.125	0.125
1426	1423	1339	1339	0.125	0.125
1426	1425	1431	1432	0.166667	0.166667
1426	1431	1423	1425	0.166667	0.166667
1426	1432	1435	1435	0.125	0.125
1437	1432	1435	1435	0.125	0.125
1437	1434	1527	1527	0.125	0.125
1340	1435	1337	1339	0.166667	0.166667
1340	1436	1341	1341	0.125	0.125
1439	1436	1341	1341	0.125	0.125
1439	1438	1534	1534	0.125	0.125
1509	1510	1411	1411	0.125	0.125
1623	1512	1622	1622	0.125	0.125
1509	1512	1622	1622	0.125	0.125
1623	1513	1629	1624	0.166667	0.166667
1511	1514	1421	1420	0.166667	0.166667
1522	1516	1513	1513	0.125	0.125
1511	1516	1513	1513	0.125	0.125
1522	1517	1525	1523	0.166667	0.166667
1527	1519	1437	1437	0.125	0.125
1527	1521	1529	1530	0.166667	0.166667
1522	1523	1517	1516	0.166667	0.166667
1522	1525	1624	1624	0.125	0.125
1534	1528	1439	1439	0.125	0.125
1534	1533	1647	1648	0.166667	0.166667
1527	1529	1519	1521	0.166667	0.166667
1527	1530	1528	1528	0.125	0.125
1533	1530	1528	1528	0.125	0.125
1533	1532	1635	1636	0.166667	0.166667
1440	1535	1439	1439	0.125	0.125
1534	1535	1439	1439	0.125	0.125
1440	1536	1441	1441	0.125	0.125
1534	1537	1647	1648	0.166667	0.166667
1441	1539	1440	1440	0.125	0.125
1441	1540	1442	1442	0.125	0.125
1543	1540	1442	1442	0.125	0.125
1543	1542	1677	1678	0.166667	0.166667
1498	1599	1497	1497	0.125	0.125
1598	1599	1497	1497	0.125	0.125
1498	1600	1499	1499	0.125	0.125
1598	1601	1735	1735	0.125	0.125
1600	1602	1599	1599	0.125	0.125
1601	1602	1599	1599	0.125	0.125
1600	1603	1606	1606	0.125	0.125
1601	1604	1736	1736	0.125	0.125
1499	1606	1498	1498	0.125	0.125
1499	1607	1500	1500	0.125	0.125
1613	1607	1500	1500	0.125	0.125
1613	1612	1753	1753	0.125	0.125
1606	1608	1600	1600	0.125	0.125
1606	1609	1607	1607	0.125	0.125
1612	1609	1607	1607	0.125	0.125
1612	1611	1747	1747	0.125	0.125
1623	1624	1513	1512	0.166667	0.166667
1764	1629	1763	1763	0.125	0.125
1623	1629	1763	1763	0.125	0.125
1764	1630	1770	1765	0.166667	0.166667
1624	1625	1522	1522	0.125	0.125
1630	1627	1629	1629	0.125	0.125
1624	1627	1629	1629	0.125	0.125
1630	1628	1641	1639	0.166667	0.166667
1533	1635	1530	1532	0.166667	0.166667
1533	1636	1534	1534	0.0833333	0.0833333
1647	1636	1534	1534	0.0833333	0.0833333
1647	1638	1649	1650	0.166667	0.166667
1630	1639	1628	1627	0.166667	0.166667
1765	1641	1764	1764	0.0833333	0.0833333
1630	1641	1764	1764	0.0833333	0.0833333
1765	1642	1768	1766	0.166667	0.166667
1534	1647	1528	1533	0.166667	0.166667
1534	1648	1537	1535	0.166667	0.166667
1647	1649	1636	1638	0.166667	0.166667
1647	1650	1648	1648	0.125	0.125
1653	1650	1648	1648	0.125	0.125
1653	1652	1776	1776	0.125	0.125
1538	1655	1537	1537	0.125	0.125
1654	1655	1537	1537	0.125	0.125
1538	1656	1541	1541	0.125	0.125
1654	1657	1659	1659	0.125	0.125
1659	1660	1654	1654	0.125	0.125
1659	1662	1785	1786	0.166667	0.166667
1541	1664	1538	1538	0.125	0.125
1541	1665	1542	1542	0.125	0.125
1542	1668	1541	1541	0.125	0.125
1542	1669	1543	1543	0.0833333	0.0833333
1677	1669	1543	1543	0.0833333	0.0833333
1676	1670	1673	1675	0.166667	0.166667
1677	1671	1679	1679	0.125	0.125
1676	1671	1679	1679	0.125	0.125
1676	1673	1671	1670	0.166667	0.166667
1801	1674	1790	1792	0.166667	0.166667
1676	1675	1802	1802	0.125	0.125
1801	1675	1802	1802	0.125	0.125
1543	1677	1540	1542	0.166667	0.166667
1543	1678	1544	1544	0.125	0.125
1681	1678	1544	1544	0.125	0.125
1805	1679	1802	1804	0.166667	0.166667
1681	1680	1806	1806	0.125	0.125
1805	1680	1806	1806	0.125	0.125
1735	1736	1598	1598	0.125	0.125
1735	1741	1860	1860	0.125	0.125
1736	1737	1601	1601	0.125	0.125
1742	1739	1741	1741	0.125	0.125
1736	1739	1741	1741	0.125	0.125
1742	1740	1750	1748	0.166667	0.166667
1753	1747	1613	1613	0.125	0.125
1753	1752	1875	1875	0.125	0.125
1747	1744	1612	1612	0.125	0.125
1747	1746	1752	1752	0.125	0.125
1742	1748	1740	1739	0.166667	0.166667
1752	1749	1747	1747	0.125	0.125
1742	1750	1862	1862	0.125	0.125
1752	1751	1869	1869	0.125	0.125
1764	1765	1630	1629	0.166667	0.166667
1764	1770	1886	1886	0.125	0.125
1765	1766	1642	1641	0.166667	0.166667
1771	1768	1770	1770	0.125	0.125
1765	1768	1770	1770	0.125	0.125
1771	1769	1779	1777	0.166667	0.166667
1776	1773	1653	1653	0.125	0.125
1776	1775	1781	1782	0.166667	0.166667
1771	1777	1769	1768	0.166667	0.166667
1771	1779	1888	1888	0.125	0.125
1776	1781	1773	1775	0.166667	0.166667
1776	1782	1787	1785	0.166667	0.166667
1659	1785	1653	1653	0.125	0.125
1776	1785	1653	1653	0.125	0.125
1659	1786	1662	1660	0.166667	0.166667
1776	1787	1781	1782	0.166667	0.166667
1801	1790	1675	1674	0.166667	0.166667
1801	1792	1803	1803	0.125	0.125
1803	1798	1801	1801	0.125	0.125
1908	1799	1905	1907	0.166667	0.166667
1803	1800	1911	1911	0.0833333	0.0833333
1908	1800	1911	1911	0.0833333	0.0833333
1805	1802	1680	1679	0.166667	0.166667
1911	1803	1908	1910	0.166667	0.166667
1805	1804	1912	1912	0.125	0.125
1911	1804	1912	1912	0.125	0.125
1860	1861	1735	1735	0.125	0.125
1860	1863	1967	1967	0.125	0.125
1875	1869	1753	1753	0.125	0.125
1875	1874	1985	1986	0.166667	0.166667
1862	1865	1742	1742	0.125	0.125
1869	1866	1752	1752	0.125	0.125
1862	1867	1864	1864	0.125	0.125
1869	1868	1874	1874	0.125	0.125
1864	1870	1862	1862	0.125	0.125
1874	1871	1869	1869	0.125	0.125
1864	1872	1969	1969	0.125	0.125
1874	1873	1976	1976	0.125	0.125
1886	1887	1764	1764	0.125	0.125
2000	1889	1999	1999	0.125	0.125
1886	1889	1999	1999	0.125	0.125
2000	1890	2006	2001	0.166667	0.166667
1888	1891	1771	1771	0.125	0.125
1899	1893	1890	1890	0.125	0.125
1888	1893	1890	1890	0.125	0.125
1899	1894	1902	1900	0.166667	0.166667
1899	1900	1894	1893	0.166667	0.166667
1909	1901	1907	1906	0.166667	0.166667
1899	1902	2001	2001	0.125	0.125
1909	1903	2011	2012	0.166667	0.166667
1911	1908	1804	1803	0.166667	0.166667
1911	1910	2024	2025	0.166667	0.166667
1908	1905	1800	1799	0.166667	0.166667
1909	1906	1901	1903	0.166667	0.166667
1908	1907	1910	1910	0.125	0.125
1909	1907	1910	1910	0.125	0.125
1967	1968	1860	1860	0.125	0.125
1967	1970	2083	2083	0.125	0.125
1969	1972	1864	1864	0.125	0.125
1976	1973	1874	1874	0.125	0.125
1969	1974	1971	1971	0.125	0.125
1976	1975	1981	1982	0.166667	0.166667
1971	1977	1969	1969	0.125	0.125
1971	1979	2085	2085	0.125	0.125
1976	1981	1973	1975	0.166667	0.166667
1976	1982	1985	1985	0.125	0.125
1987	1982	1985	1985	0.125	0.125
1987	1984	2101	2101	0.125	0.125
1875	1985	1869	1874	0.166667	0.166667
1875	1986	1876	1876	0.125	0.125
1989	1986	1876	1876	0.125	0.125
1989	1988	2105	2105	0.125	0.125
2000	2001	1890	1889	0.166667	0.166667
2000	2006	2116	2116	0.125	0.125
2001	2002	1899	1899	0.125	0.125
2001	2004	2006	2006	0.125	0.125
2006	2007	2001	2001	0.125	0.125
2118	2009	2117	2117	0.125	0.125
2006	2009	2117	2117	0.125	0.125
2118	2010	2123	2121	0.166667	0.166667
1909	2011	1901	1903	0.166667	0.166667
1909	2012	1910	1910	0.125	0.125
2015	2012	1910	1910	0.125	0.125
2015	2014	2020	2021	0.166667	0.166667
2015	2020	2012	2014	0.166667	0.166667
2015	2021	2024	2024	0.125	0.125
2026	2021	2024	2024	0.125	0.125
2026	2023	2131	2132	0.166667	0.166667
1911	2024	1908	1910	0.166667	0.166667
1911	2025	1912	1912	0.125	0.125
2028	2025	1912	1912	0.125	0.125
2028	2027	2147	2148	0.166667	0.166667
2083	2084	1967	1967	0.125	0.125
2209	2086	2208	2208	0.125	0.125
2083	2086	2208	2208	0.125	0.125
2209	2087	2215	2210	0.166667	0.166667
2085	2088	1971	1971	0.125	0.125
2096	2090	2087	2087	0.125	0.125
2085	2090	2087	2087	0.125	0.125
2096	2091	2099	2097	0.166667	0.166667
2101	2093	1987	1987	0.125	0.125
2101	2095	2103	2103	0.125	0.125
2096	2097	2091	2090	0.166667	0.166667
2103	2098	2101	2101	0.125	0.125
2096	2099	2210	2210	0.125	0.125
2103	2100	2220	2221	0.166667	0.166667
2105	2102	1989	1989	0.125	0.125
2105	2104	2233	2234	0.166667	0.166667
2116	2117	2000	2000	0.125	0.125
2248	2119	2247	2247	0.125	0.125
2116	2119	2247	2247	0.125	0.125
2248	2120	2249	2249	0.125	0.125
2249	2129	2248	2248	0.125	0.125
2249	2130	2255	2250	0.166667	0.166667
2118	2121	2010	2009	0.166667	0.166667
2129	2123	2120	2120	0.125	0.125
2118	2123	2120	2120	0.125	0.125
2129	2124	2130	2130	0.125	0.125
2130	2127	2129	2129	0.125	0.125
2130	2128	2141	2139	0.166667	0.166667
2026	2131	2021	2023	0.166667	0.166667
2026	2132	2027	2027	0.125	0.125
2027	2135	2026	2026	0.125	0.125
2027	2136	2028	2028	0.0833333	0.0833333
2147	2136	2028	2028	0.0833333	0.0833333
2147	2138	2149	2150	0.166667	0.166667
2130	2139	2128	2127	0.166667	0.166667
2250	2141	2249	2249	0.0833333	0.0833333
2130	2141	2249	2249	0.0833333	0.0833333
2250	2142	2253	2251	0.166667	0.166667
2028	2147	2025	2027	0.166667	0.166667
2028	2148	2029	2029	0.125	0.125
2154	2148	2029	2029	0.125	0.125
2154	2153	2270	2271	0.166667	0.166667
2147	2149	2136	2138	0.166667	0.166667
2147	2150	2148	2148	0.125	0.125
2153	2150	2148	2148	0.125	0.125
2153	2152	2261	2261	0.125	0.125
2209	2210	2087	2086	0.166667	0.166667
2209	2215	2328	2328	0.125	0.125
2210	2211	2096	2096	0.125	0.125
2210	2213	2215	2215	0.125	0.125
2215	2216	2210	2210	0.125	0.125
2330	2218	2329	2329	0.125	0.125
2215	2218	2329	2329	0.125	0.125
2330	2219	2335	2333	0.166667	0.166667
2103	2220	2098	2100	0.166667	0.166667
2103	2221	2104	2104	0.125	0.125
2224	2221	2104	2104	0.125	0.125
2224	2223	2229	2230	0.166667	0.166667
2224	2229	2221	2223	0.166667	0.166667
2224	2230	2233	2233	0.125	0.125
2235	2230	2233	2233	0.125	0.125
2235	2232	2346	2346	0.125	0.125
2105	2233	2102	2104	0.166667	0.166667
2105	2234	2106	2106	0.125	0.125
2237	2234	2106	2106	0.125	0.125
2237	2236	2353	2353	0.125	0.125
2249	2250	2130	2129	0.166667	0.166667
2249	2255	2365	2365	0.125	0.125
2250	2251	2142	2141	0.166667	0.166667
2256	2253	2255	2255	0.125	0.125
2250	2253	2255	2255	0.125	0.125
2256	2254	2264	2262	0.166667	0.166667
2261	2258	2153	2153	0.125	0.125
2261	2260	2266	2267	0.166667	0.166667
2256	2262	2254	2253	0.166667	0.166667
2256	2264	2367	2367	0.125	0.125
2261	2266	2258	2260	0.166667	0.166667
2261	2267	2270	2270	0.125	0.125
2272	2267	2270	2270	0.125	0.125
2272	2269	2383	2383	0.125	0.125
2154	2270	2148	2153	0.166667	0.166667
2154	2271	2155	2155	0.125	0.125
2274	2271	2155	2155	0.125	0.125
2274	2273	2387	2387	0.125	0.125
2328	2329	2209	2209	0.125	0.125
2442	2331	2441	2441	0.125	0.125
2328	2331	2441	2441	0.125	0.125
2442	2332	2448	2443	0.166667	0.166667
2330	2333	2219	2218	0.166667	0.166667
2341	2335	2332	2332	0.125	0.125
2330	2335	2332	2332	0.125	0.125
2341	2336	2344	2342	0.166667	0.166667
2346	2338	2235	2235	0.125	0.125
2346	2340	2348	2349	0.166667	0.166667
2341	2342	2336	2335	0.166667	0.166667
2341	2344	2443	2443	0.125	0.125
2353	2347	2237	2237	0.125	0.125
2353	2352	2463	2464	0.166667	0.166667
2346	2348	2338	2340	0.166667	0.166667
2346	2349	2347	2347	0.125	0.125
2352	2349	2347	2347	0.125	0.125
2352	2351	2454	2454	0.125	0.125
2365	2366	2249	2249	0.125	0.125
2479	2368	2478	2478	0.125	0.125
2365	2368	2478	2478	0.125	0.125
2479	2369	2485	2480	0.166667	0.166667
2367	2370	2256	2256	0.125	0.125
2378	2372	2369	2369	0.125	0.125
2367	2372	2369	2369	0.125	0.125
2378	2373	2381	2379	0.166667	0.166667
2383	2375	2272	2272	0.125	0.125
2383	2377	2385	2385	0.125	0.125
2378	2379	2373	2372	0.166667	0.166667
2385	2380	2383	2383	0.125	0.125
2378	2381	2480	2480	0.125	0.125
2385	2382	2490	2490	0.125	0.125
2387	2384	2274	2274	0.125	0.125
2387	2386	2497	2497	0.125	0.125
2442	2443	2332	2331	0.166667	0.166667
2442	2448	2552	2552	0.125	0.125
2443	2444	2341	2341	0.125	0.125
2449	2446	2448	2448	0.125	0.125
2443	2446	2448	2448	0.125	0.125
2449	2447	2457	2455	0.166667	0.166667
2454	2451	2352	2352	0.125	0.125
2454	2453	2459	2460	0.166667	0.166667
2449	2455	2447	2446	0.166667	0.166667
2449	2457	2554	2554	0.125	0.125
2454	2459	2451	2453	0.166667	0.166667
2454	2460	2463	2463	0.125	0.125
2465	2460	2463	2463	0.125	0.125
2465	2462	2570	2570	0.125	0.125
2353	2463	2347	2352	0.166667	0.166667
2353	2464	2354	2354	0.125	0.125
2467	2464	2354	2354	0.125	0.125
2467	2466	2577	2577	0.125	0.125
2479	2480	2369	2368	0.166667	0.166667
2479	2485	2589	2589	0.125	0.125
2480	2481	2378	2378	0.125	0.125
2490	2482	2385	2385	0.125	0.125
2480	2483	2485	2485	0.125	0.125
2490	2484	2492	2493	0.166667	0.166667
2485	2486	2480	2480	0.125	0.125
2485	2488	2590	2590	0.125	0.125
2497	2491	2387	2387	0.125	0.125
2497	2496	2607	2607	0.125	0.125
2490	2492	2482	2484	0.166667	0.166667
2490	2493	2491	2491	0.125	0.125
2496	2493	2491	2491	0.125	0.125
2496	2495	2601	2601	0.125	0.125
2552	2553	2442	2442	0.125	0.125
2663	2555	2662	2662	0.125	0.125
2552	2555	2662	2662	0.125	0.125
2663	2556	2669	2664	0.166667	0.166667
2554	2557	2449	2449	0.125	0.125
2565	2559	2556	2556	0.125	0.125
2554	2559	2556	2556	0.125	0.125
2565	2560	2568	2566	0.166667	0.166667
2570	2562	2465	2465	0.125	0.125
2570	2564	2572	2573	0.166667	0.166667
2565	2566	2560	2559	0.166667	0.166667
2565	2568	2664	2664	0.125	0.125
2577	2571	2467	2467	0.125	0.125
2577	2576	2681	2681	0.125	0.125
2570	2572	2562	2564	0.166667	0.166667
2570	2573	2571	2571	0.125	0.125
2576	2573	2571	2571	0.125	0.125
2576	2575	2675	2675	0.125	0.125
2589	2590	2479	2479	0.125	0.125
2589	2595	2693	2693	0.125	0.125
2590	2591	2485	2485	0.125	0.125
2596	2593	2595	2595	0.125	0.125
2590	2593	2595	2595	0.125	0.125
2596	2594	2604	2602	0.166667	0.166667
2607	2601	2497	2497	0.125	0.125
2607	2606	2714	2715	0.166667	0.166667
2601	2598	2496	2496	0.125	0.125
2601	2600	2606	2606	0.125	0.125
2596	2602	2594	2593	0.166667	0.166667
2606	2603	2601	2601	0.125	0.125
2596	2604	2695	2695	0.125	0.125
2606	2605	2702	2703	0.166667	0.166667
2663	2664	2556	2555	0.166667	0.166667
2663	2669	2773	2773	0.125	0.125
2664	2665	2565	2565	0.125	0.125
2670	2667	2669	2669	0.125	0.125
2664	2667	2669	2669	0.125	0.125
2670	2668	2678	2676	0.166667	0.166667
2681	2675	2577	2577	0.125	0.125
2681	2680	2788	2788	0.125	0.125
2675	2672	2576	2576	0.125	0.125
2675	2674	2680	2680	0.125	0.125
2670	2676	2668	2667	0.166667	0.166667
2680	2677	2675	2675	0.125	0.125
2670	2678	2775	2775	0.125	0.125
2680	2679	2782	2782	0.125	0.125
2693	2694	2589	2589	0.125	0.125
2801	2696	2800	2800	0.125	0.125
2693	2696	2800	2800	0.125	0.125
2801	2697	2807	2802	0.166667	0.166667
2695	2698	2596	2596	0.125	0.125
2695	2700	2697	2697	0.125	0.125
2606	2702	2603	2605	0.166667	0.166667
2606	2703	2607	2607	0.0833333	0.0833333
2714	2703	2607	2607	0.0833333	0.0833333
2714	2705	2716	2716	0.125	0.125
2697	2706	2695	2695	0.125	0.125
2802	2708	2801	2801	0.0833333	0.0833333
2697	2708	2801	2801	0.0833333	0.0833333
2802	2709	2805	2803	0.166667	0.166667
2716	2711	2714	2714	0.125	0.125
2716	2713	2812	2813	0.166667	0.166667
2607	2714	2601	2606	0.166667	0.166667
2607	2715	2608	2608	0.125	0.125
2718	2715	2608	2608	0.125	0.125
2718	2717	2822	2822	0.125	0.125
2773	2774	2663	2663	0.125	0.125
2773	2776	2919	2919	0.125	0.125
2788	2782	2681	2681	0.125	0.125
2788	2787	2940	2941	0.166667	0.166667
2775	2778	2670	2670	0.125	0.125
2782	2779	2680	2680	0.125	0.125
2775	2780	2777	2777	0.125	0.125
2782	2781	2787	2787	0.125	0.125
2777	2783	2775	2775	0.125	0.125
2787	2784	2782	2782	0.125	0.125
2777	2785	2921	2921	0.125	0.125
2787	2786	2928	2929	0.166667	0.166667
2801	2802	2697	2696	0.166667	0.166667
2801	2807	2956	2956	0.125	0.125
2802	2803	2709	2708	0.166667	0.166667
2802	2805	2807	2807	0.125	0.125
2807	2808	2802	2802	0.125	0.125
2958	2810	2957	2957	0.125	0.125
2807	2810	2957	2957	0.125	0.125
2958	2811	2963	2961	0.166667	0.166667
2822	2816	2718	2718	0.125	0.125
2822	2821	2971	2971	0.125	0.125
2716	2812	2711	2713	0.166667	0.166667
2716	2813	2717	2717	0.125	0.125
2816	2813	2717	2717	0.125	0.125
2816	2815	2821	2821	0.125	0.125
2821	2818	2816	2816	0.125	0.125
2821	2820	2965	2965	0.125	0.125
2763	2867	2762	2762	0.125	0.125
2866	2867	2762	2762	0.125	0.125
2763	2868	2764	2764	0.125	0.125
2866	2869	3015	3016	0.166667	0.166667
2764	2871	2763	2763	0.125	0.125
2764	2872	2765	2765	0.125	0.125
2871	2873	2868	2868	0.125	0.125
2870	2873	2868	2868	0.125	0.125
2871	2874	2872	2872	0.125	0.125
2870	2875	3026	3027	0.166667	0.166667
2872	2877	2871	2871	0.125	0.125
2872	2878	2881	2881	0.125	0.125
2765	2881	2764	2764	0.125	0.125
2765	2882	2766	2766	0.125	0.125
2881	2883	2872	2872	0.125	0.125
2881	2884	2882	2882	0.125	0.125
3048	2885	3043	3045	0.166667	0.166667
3048	2886	3049	3049	0.125	0.125
2882	2887	2881	2881	0.125	0.125
2882	2888	2891	2891	0.125	0.125
3049	2889	3048	3048	0.125	0.125
3049	2890	3052	3052	0.125	0.125
2766	2891	2765	2765	0.125	0.125
2766	2892	2767	2767	0.125	0.125
2891	2893	2882	2882	0.125	0.125
2891	2894	2892	2892	0.125	0.125
3052	2895	3049	3049	0.125	0.125
3052	2896	3053	3053	0.125	0.125
2892	2897	2891	2891	0.125	0.125
2892	2898	2901	2901	0.125	0.125
3053	2899	3052	3052	0.125	0.125
3053	2900	3058	3056	0.166667	0.166667
2767	2901	2766	2766	0.125	0.125
2767	2902	2768	2768	0.125	0.125
2901	2903	2892	2892	0.125	0.125
2901	2904	2902	2902	0.125	0.125
2902	2907	2901	2901	0.125	0.125
2902	2908	2911	2911	0.125	0.125
2913	2908	2911	2911	0.125	0.125
2913	2910	3066	3067	0.166667	0.166667
2768	2911	2767	2767	0.125	0.125
2768	2912	2769	2769	0.125	0.125
2915	2912	2769	2769	0.125	0.125
2915	2914	3082	3083	0.166667	0.166667
2919	2920	2773	2773	0.125	0.125
3099	2922	3098	3098	0.125	0.125
2919	2922	3098	3098	0.125	0.125
3099	2923	3105	3100	0.166667	0.166667
2921	2924	2777	2777	0.125	0.125
2921	2926	2923	2923	0.125	0.125
2787	2928	2784	2786	0.166667	0.166667
2787	2929	2788	2788	0.0833333	0.0833333
2940	2929	2788	2788	0.0833333	0.0833333
2940	2931	2942	2942	0.125	0.125
2923	2932	2921	2921	0.125	0.125
3100	2934	3099	3099	0.0833333	0.0833333
2923	2934	3099	3099	0.0833333	0.0833333
3100	2935	3103	3101	0.166667	0.166667
2942	2937	2940	2940	0.125	0.125
2942	2939	3110	3111	0.166667	0.166667
2788	2940	2782	2787	0.166667	0.166667
2788	2941	2789	2789	0.125	0.125
2944	2941	2789	2789	0.125	0.125
2944	2943	3123	3124	0.166667	0.166667
2956	2957	2801	2801	0.125	0.125
2956	2959	3138	3138	0.125	0.125
2971	2965	2822	2822	0.125	0.125
2971	2970	3159	3159	0.125	0.125
2958	2961	2811	2810	0.166667	0.166667
2965	2962	2821	2821	0.125	0.125
2958	2963	2960	2960	0.125	0.125
2965	2964	2970	2970	0.125	0.125
2960	2966	2958	2958	0.125	0.125
2970	2967	2965	2965	0.125	0.125
2960	2968	3140	3141	0.166667	0.166667
2970	2969	3153	3153	0.125	0.125
2866	3015	2865	2865	0.125	0.125
3014	3015	2865	2865	0.125	0.125
2866	3016	2869	2867	0.166667	0.166667
3014	3017	3214	3215	0.166667	0.166667
3016	3018	3015	3015	0.125	0.125
3017	3018	3015	3015	0.125	0.125
3016	3019	3024	3022	0.166667	0.166667
3017	3020	3224	3225	0.166667	0.166667
2869	3022	2866	2866	0.0833333	0.0833333
3016	3022	2866	2866	0.0833333	0.0833333
2869	3023	2870	2870	0.125	0.125
3016	3024	3018	3019	0.166667	0.166667
2870	3026	2869	2869	0.125	0.125
2870	3027	2875	2873	0.166667	0.166667
3046	3035	3041	3040	0.166667	0.166667
3244	3036	3241	3243	0.166667	0.166667
3046	3037	3247	3247	0.0833333	0.0833333
3244	3037	3247	3247	0.0833333	0.0833333
3247	3046	3244	3246	0.166667	0.166667
3247	3047	3248	3248	0.125	0.125
3046	3040	3035	3037	0.166667	0.166667
3046	3041	3047	3047	0.125	0.125
3048	3043	2886	2885	0.166667	0.166667
3047	3044	3046	3046	0.125	0.125
3048	3045	3050	3050	0.125	0.125
3047	3045	3050	3050	0.125	0.125
3248	3050	3247	3247	0.125	0.125
3248	3051	3249	3249	0.125	0.125
3249	3054	3248	3248	0.125	0.125
3249	3055	3250	3250	0.125	0.125
3250	3064	3249	3249	0.125	0.125
3250	3065	3256	3251	0.166667	0.166667
3053	3056	2900	2899	0.166667	0.166667
3064	3058	3055	3055	0.125	0.125
3053	3058	3055	3055	0.125	0.125
3064	3059	3065	3065	0.125	0.125
3065	3062	3064	3064	0.125	0.125
3065	3063	3076	3074	0.166667	0.166667
2913	3066	2908	2910	0.166667	0.166667
2913	3067	2914	2914	0.125	0.125
2914	3070	2913	2913	0.125	0.125
2914	3071	2915	2915	0.0833333	0.0833333
3082	3071	2915	2915	0.0833333	0.0833333
3082	3073	3084	3085	0.166667	0.166667
3065	3074	3063	3062	0.166667	0.166667
3251	3076	3250	3250	0.0833333	0.0833333
3065	3076	3250	3250	0.0833333	0.0833333
3251	3077	3254	3252	0.166667	0.166667
2915	3082	2912	2914	0.166667	0.166667
2915	3083	2916	2916	0.125	0.125
3082	3084	3071	3073	0.166667	0.166667
3082	3085	3083	3083	0.125	0.125
3088	3085	3083	3083	0.125	0.125
3088	3087	3262	3263	0.166667	0.166667
2916	3089	2915	2915	0.125	0.125
2916	3090	2917	2917	0.125	0.125
2917	3093	2916	2916	0.125	0.125
2917	3094	2918	2918	0.125	0.125
3097	3094	2918	2918	0.125	0.125
3097	3096	3300	3301	0.166667	0.166667
3099	3100	2923	2922	0.166667	0.166667
3099	3105	3314	3315	0.166667	0.166667
3100	3101	2935	2934	0.166667	0.166667
3100	3103	3105	3105	0.125	0.125
3105	3106	3100	3100	0.125	0.125
3319	3108	3318	3318	0.125	0.125
3105	3108	3318	3318	0.125	0.125
3319	3109	3324	3322	0.166667	0.166667
2942	3110	2937	2939	0.166667	0.166667
2942	3111	2943	2943	0.125	0.125
3114	3111	2943	2943	0.125	0.125
3114	3113	3119	3120	0.166667	0.166667
3114	3119	3111	3113	0.166667	0.166667
3114	3120	3123	3123	0.125	0.125
3125	3120	3123	3123	0.125	0.125
3125	3122	3332	3333	0.166667	0.166667
2944	3123	2941	2943	0.166667	0.166667
2944	3124	2945	2945	0.125	0.125
3127	3124	2945	2945	0.125	0.125
3127	3126	3348	3349	0.166667	0.166667
3138	3139	2956	2956	0.125	0.125
3138	3144	3365	3365	0.125	0.125
2960	3140	2959	2959	0.125	0.125
3139	3140	2959	2959	0.125	0.125
2960	3141	2968	2966	0.166667	0.166667
3139	3142	3144	3144	0.125	0.125
3144	3145	3139	3139	0.125	0.125
3144	3147	3366	3366	0.125	0.125
3159	3153	2971	2971	0.125	0.125
3159	3158	3380	3380	0.125	0.125
3153	3150	2970	2970	0.125	0.125
3153	3152	3158	3158	0.125	0.125
3158	3155	3153	3153	0.125	0.125
3376	3156	3368	3370	0.166667	0.166667
3158	3157	3377	3377	0.125	0.125
3376	3157	3377	3377	0.125	0.125
3012	3200	3011	3011	0.125	0.125
3199	3200	3011	3011	0.125	0.125
3012	3201	3013	3013	0.125	0.125
3199	3202	3435	3436	0.166667	0.166667
3013	3204	3012	3012	0.125	0.125
3013	3205	3014	3014	0.125	0.125
3204	3206	3201	3201	0.125	0.125
3203	3206	3201	3201	0.125	0.125
3204	3207	3205	3205	0.125	0.125
3203	3208	3449	3450	0.166667	0.166667
3205	3210	3204	3204	0.125	0.125
3205	3211	3214	3214	0.125	0.125
3014	3214	3013	3013	0.125	0.125
3014	3215	3017	3015	0.166667	0.166667
3214	3216	3205	3205	0.125	0.125
3214	3217	3215	3215	0.125	0.125
3471	3218	3466	3468	0.166667	0.166667
3471	3219	3474	3472	0.166667	0.166667
3215	3220	3214	3214	0.125	0.125
3215	3221	3226	3224	0.166667	0.166667
3017	3224	3014	3014	0.0833333	0.0833333
3215	3224	3014	3014	0.0833333	0.0833333
3017	3225	3020	3018	0.166667	0.166667
3215	3226	3220	3221	0.166667	0.166667
3245	3237	3243	3242	0.166667	0.166667
3485	3238	3482	3484	0.166667	0.166667
3245	3239	3491	3491	0.0833333	0.0833333
3485	3239	3491	3491	0.0833333	0.0833333
3247	3244	3047	3046	0.166667	0.166667
3491	3245	3485	3490	0.166667	0.166667
3247	3246	3492	3492	0.125	0.125
3491	3246	3492	3492	0.125	0.125
3244	3241	3037	3036	0.166667	0.166667
3245	3242	3237	3239	0.166667	0.166667
3244	3243	3246	3246	0.125	0.125
3245	3243	3246	3246	0.125	0.125
3250	3251	3065	3064	0.166667	0.166667
3250	3256	3495	3495	0.125	0.125
3251	3252	3077	3076	0.166667	0.166667
3257	3254	3256	3256	0.125	0.125
3251	3254	3256	3256	0.125	0.125
3257	3255	3266	3266	0.125	0.125
3266	3260	3257	3257	0.125	0.125
3266	3261	3269	3267	0.166667	0.166667
3088	3262	3085	3087	0.166667	0.166667
3088	3263	3091	3091	0.125	0.125
3266	3267	3261	3260	0.166667	0.166667
3266	3269	3500	3501	0.166667	0.166667
3091	3271	3088	3088	0.125	0.125
3091	3272	3092	3092	0.125	0.125
3092	3275	3091	3091	0.125	0.125
3092	3276	3095	3095	0.125	0.125
3283	3277	3280	3282	0.166667	0.166667
3283	3278	3294	3292	0.166667	0.166667
3283	3280	3278	3277	0.166667	0.166667
3516	3281	3505	3507	0.166667	0.166667
3283	3282	3517	3517	0.125	0.125
3516	3282	3517	3517	0.125	0.125
3095	3284	3092	3092	0.125	0.125
3095	3285	3096	3096	0.125	0.125
3096	3288	3095	3095	0.125	0.125
3096	3289	3097	3097	0.0833333	0.0833333
3300	3289	3097	3097	0.0833333	0.0833333
3300	3291	3302	3303	0.166667	0.166667
3283	3292	3278	3277	0.166667	0.166667
3520	3294	3517	3517	0.125	0.125
3283	3294	3517	3517	0.125	0.125
3520	3295	3521	3521	0.125	0.125
3521	3298	3520	3520	0.125	0.125
3521	3299	3526	3524	0.166667	0.166667
3097	3300	3094	3096	0.166667	0.166667
3097	3301	3098	3098	0.125	0.125
3300	3302	3289	3291	0.166667	0.166667
3300	3303	3301	3301	0.125	0.125
3301	3306	3300	3300	0.125	0.125
3301	3307	3310	3310	0.125	0.125
3312	3307	3310	3310	0.125	0.125
3312	3309	3534	3535	0.166667	0.166667
3098	3310	3097	3097	0.125	0.125
3098	3311	3099	3099	0.125	0.125
3099	3314	3098	3098	0.125	0.125
3099	3315	3105	3100	0.166667	0.166667
3319	3322	3109	3108	0.166667	0.166667
3330	3324	3321	3321	0.125	0.125
3319	3324	3321	3321	0.125	0.125
3330	3325	3331	3331	0.125	0.125
3331	3328	3330	3330	0.125	0.125
3331	3329	3342	3340	0.166667	0.166667
3125	3332	3120	3122	0.166667	0.166667
3125	3333	3126	3126	0.125	0.125
3126	3336	3125	3125	0.125	0.125
3126	3337	3127	3127	0.0833333	0.0833333
3348	3337	3127	3127	0.0833333	0.0833333
3348	3339	3350	3351	0.166667	0.166667
3331	3340	3329	3328	0.166667	0.166667
3577	3342	3571	3571	0.125	0.125
3331	3342	3571	3571	0.125	0.125
3577	3343	3580	3578	0.166667	0.166667
3127	3348	3124	3126	0.166667	0.166667
3127	3349	3128	3128	0.125	0.125
3355	3349	3128	3128	0.125	0.125
3355	3354	3600	3601	0.166667	0.166667
3348	3350	3337	3339	0.166667	0.166667
3348	3351	3349	3349	0.125	0.125
3354	3351	3349	3349	0.125	0.125
3354	3353	3588	3589	0.166667	0.166667
3365	3366	3138	3138	0.125	0.125
3365	3371	3616	3616	0.125	0.125
3366	3367	3144	3144	0.125	0.125
3376	3368	3157	3156	0.166667	0.166667
3366	3369	3371	3371	0.125	0.125
3376	3370	3378	3378	0.125	0.125
3371	3372	3366	3366	0.125	0.125
3378	3373	3376	3376	0.125	0.125
3371	3374	3617	3617	0.125	0.125
3378	3375	3627	3627	0.125	0.125
3380	3377	3159	3159	0.125	0.125
3380	3379	3631	3631	0.125	0.125
3194	3415	3193	3193	0.125	0.125
3414	3415	3193	3193	0.125	0.125
3194	3416	3195	3195	0.125	0.125
3414	3417	3668	3669	0.166667	0.166667
3195	3419	3194	3194	0.125	0.125
3195	3420	3196	3196	0.125	0.125
3196	3423	3195	3195	0.125	0.125
3196	3424	3197	3197	0.125	0.125
3197	3427	3196	3196	0.125	0.125
3197	3428	3198	3198	0.125	0.125
3198	3431	3197	3197	0.125	0.125
3198	3432	3199	3199	0.125	0.125
3199	3435	3198	3198	0.125	0.125
3199	3436	3202	3200	0.166667	0.166667
3435	3437	3432	3432	0.125	0.125
3434	3437	3432	3432	0.125	0.125
3435	3438	3436	3436	0.125	0.125
3434	3439	3722	3723	0.166667	0.166667
3436	3441	3435	3435	0.125	0.125
3436	3442	3447	3445	0.166667	0.166667
3202	3445	3199	3199	0.0833333	0.0833333
3436	3445	3199	3199	0.0833333	0.0833333
3202	3446	3203	3203	0.125	0.125
3436	3447	3441	3442	0.166667	0.166667
3203	3449	3202	3202	0.125	0.125
3203	3450	3208	3206	0.166667	0.166667
3747	3455	3739	3741	0.166667	0.166667
3747	3456	3748	3748	0.125	0.125
3469	3458	3464	3463	0.166667	0.166667
3748	3459	3747	3747	0.125	0.125
3469	3460	3751	3751	0.0833333	0.0833333
3748	3460	3751	3751	0.0833333	0.0833333
3751	3469	3748	3750	0.166667	0.166667
3751	3470	3757	3752	0.166667	0.166667
3469	3463	3458	3460	0.166667	0.166667
3469	3464	3470	3470	0.125	0.125
3471	3466	3219	3218	0.166667	0.166667
3470	3467	3469	3469	0.125	0.125
3471	3468	3476	3476	0.125	0.125
3470	3468	3476	3476	0.125	0.125
3471	3472	3219	3218	0.166667	0.166667
3471	3474	3476	3476	0.125	0.125
3476	3477	3471	3471	0.125	0.125
3476	3479	3752	3752	0.125	0.125
3491	3485	3246	3245	0.166667	0.166667
3491	3490	3766	3766	0.125	0.125
3485	3482	3239	3238	0.166667	0.166667
3485	3484	3490	3490	0.125	0.125
3490	3487	3485	3485	0.125	0.125
3762	3488	3754	3756	0.166667	0.166667
3490	3489	3763	3763	0.125	0.125
3762	3489	3763	3763	0.125	0.125
3495	3496	3250	3250	0.125	0.125
3495	3498	3770	3770	0.125	0.125
3266	3500	3257	3257	0.125	0.125
3497	3500	3257	3257	0.125	0.125
3266	3501	3269	3267	0.166667	0.166667
3497	3502	3499	3499	0.125	0.125
3516	3505	3282	3281	0.166667	0.166667
3516	3507	3518	3518	0.125	0.125
3499	3508	3497	3497	0.125	0.125
3499	3510	3772	3773	0.166667	0.166667
3518	3513	3516	3516	0.125	0.125
3785	3514	3782	3784	0.166667	0.166667
3518	3515	3791	3791	0.0833333	0.0833333
3785	3515	3791	3791	0.0833333	0.0833333
3791	3518	3785	3790	0.166667	0.166667
3791	3519	3792	3792	0.125	0.125
3792	3522	3791	3791	0.125	0.125
3792	3523	3793	3793	0.125	0.125
3793	3532	3792	3792	0.125	0.125
3793	3533	3794	3794	0.125	0.125
3521	3524	3299	3298	0.166667	0.166667
3532	3526	3523	3523	0.125	0.125
3521	3526	3523	3523	0.125	0.125
3532	3527	3533	3533	0.125	0.125
3533	3530	3532	3532	0.125	0.125
3533	3531	3542	3542	0.125	0.125
3794	3542	3793	3793	0.125	0.125
3794	3543	3797	3795	0.166667	0.166667
3312	3534	3307	3309	0.166667	0.166667
3312	3535	3313	3313	0.125	0.125
3542	3536	3533	3533	0.125	0.125
3542	3537	3543	3543	0.125	0.125
3313	3538	3312	3312	0.125	0.125
3313	3539	3316	3316	0.125	0.125
3543	3540	3542	3542	0.125	0.125
3543	3541	3554	3552	0.166667	0.166667
3316	3544	3313	3313	0.125	0.125
3316	3545	3317	3317	0.125	0.125
3317	3548	3316	3316	0.125	0.125
3317	3549	3320	3320	0.125	0.125
3560	3549	3320	3320	0.125	0.125
3560	3551	3562	3563	0.166667	0.166667
3543	3552	3541	3540	0.166667	0.166667
3795	3554	3794	3794	0.0833333	0.0833333
3543	3554	3794	3794	0.0833333	0.0833333
3795	3555	3796	3796	0.125	0.125
3796	3558	3795	3795	0.125	0.125
3796	3559	3799	3799	0.125	0.125
3560	3562	3549	3551	0.166667	0.166667
3560	3563	3561	3561	0.125	0.125
3799	3564	3796	3796	0.125	0.125
3799	3565	3802	3800	0.166667	0.166667
3561	3566	3560	3560	0.125	0.125
3561	3567	3570	3570	0.125	0.125
3570	3572	3561	3561	0.125	0.125
3570	3573	3571	3571	0.125	0.125
3576	3573	3571	3571	0.125	0.125
3576	3575	3810	3811	0.166667	0.166667
3577	3578	3343	3342	0.166667	0.166667
3583	3580	3582	3582	0.125	0.125
3577	3580	3582	3582	0.125	0.125
3583	3581	3594	3592	0.166667	0.166667
3354	3588	3351	3353	0.166667	0.166667
3354	3589	3355	3355	0.0833333	0.0833333
3600	3589	3355	3355	0.0833333	0.0833333
3600	3591	3602	3603	0.166667	0.166667
3583	3592	3581	3580	0.166667	0.166667
3583	3594	3820	3821	0.166667	0.166667
3355	3600	3349	3354	0.166667	0.166667
3355	3601	3356	3356	0.125	0.125
3607	3601	3356	3356	0.125	0.125
3607	3606	3858	3859	0.166667	0.166667
3600	3602	3589	3591	0.166667	0.166667
3600	3603	3601	3601	0.125	0.125
3606	3603	3601	3601	0.125	0.125
3606	3605	3846	3847	0.166667	0.166667
3616	3617	3365	3365	0.125	0.125
3616	3622	3885	3885	0.125	0.125
3617	3618	3371	3371	0.125	0.125
3627	3619	3378	3378	0.125	0.125
3617	3620	3622	3622	0.125	0.125
3627	3621	3629	3629	0.125	0.125
3622	3623	3617	3617	0.125	0.125
3629	3624	3627	3627	0.125	0.125
3622	3625	3886	3886	0.125	0.125
3629	3626	3896	3896	0.125	0.125
3631	3628	3380	3380	0.125	0.125
3631	3630	3900	3900	0.125	0.125
3413	3664	3412	3412	0.125	0.125
3663	3664	3412	3412	0.125	0.125
3413	3665	3414	3414	0.125	0.125
3663	3666	3932	3932	0.125	0.125
3414	3668	3413	3413	0.125	0.125
3414	3669	3417	3415	0.166667	0.166667
3418	3673	3417	3417	0.125	0.125
3672	3673	3417	3417	0.125	0.125
3418	3674	3421	3421	0.125	0.125
3672	3675	3677	3678	0.166667	0.166667
3672	3677	3669	3669	0.125	0.125
3671	3677	3669	3669	0.125	0.125
3672	3678	3675	3673	0.166667	0.166667
3671	3679	3944	3945	0.166667	0.166667
3421	3685	3418	3418	0.125	0.125
3421	3686	3422	3422	0.125	0.125
3422	3689	3421	3421	0.125	0.125
3422	3690	3425	3425	0.125	0.125
3697	3691	3694	3696	0.166667	0.166667
3697	3692	3706	3706	0.125	0.125
3697	3694	3692	3691	0.166667	0.166667
3960	3695	3955	3957	0.166667	0.166667
3697	3696	3961	3961	0.125	0.125
3960	3696	3961	3961	0.125	0.125
3425	3698	3422	3422	0.125	0.125
3425	3699	3426	3426	0.125	0.125
3706	3700	3697	3697	0.125	0.125
3706	3701	3707	3707	0.125	0.125
3426	3702	3425	3425	0.125	0.125
3426	3703	3429	3429	0.125	0.125
3707	3704	3706	3706	0.125	0.125
3707	3705	3716	3716	0.125	0.125
3429	3708	3426	3426	0.125	0.125
3429	3709	3430	3430	0.125	0.125
3716	3710	3707	3707	0.125	0.125
3716	3711	3717	3717	0.125	0.125
3430	3712	3429	3429	0.125	0.125
3430	3713	3433	3433	0.125	0.125
3717	3714	3716	3716	0.125	0.125
3717	3715	3728	3726	0.166667	0.166667
3433	3718	3430	3430	0.125	0.125
3433	3719	3434	3434	0.125	0.125
3434	3722	3433	3433	0.125	0.125
3434	3723	3439	3437	0.166667	0.166667
3717	3726	3715	3714	0.166667	0.166667
3717	3728	3969	3970	0.166667	0.166667
3747	3739	3456	3455	0.166667	0.166667
3746	3740	3743	3745	0.166667	0.166667
3747	3741	3749	3749	0.125	0.125
3746	3741	3749	3749	0.125	0.125
3746	3743	3741	3740	0.166667	0.166667
3994	3744	3986	3988	0.166667	0.166667
3746	3745	3995	3995	0.125	0.125
3994	3745	3995	3995	0.125	0.125
3751	3748	3470	3469	0.166667	0.166667
3998	3749	3995	3997	0.166667	0.166667
3751	3750	3999	3999	0.125	0.125
3998	3750	3999	3999	0.125	0.125
3751	3752	3470	3469	0.166667	0.166667
3751	3757	3999	3999	0.125	0.125
3752	3753	3476	3476	0.125	0.125
3762	3754	3489	3488	0.166667	0.166667
3752	3755	3757	3757	0.125	0.125
3762	3756	3764	3764	0.125	0.125
3757	3758	3752	3752	0.125	0.125
3764	3759	3762	3762	0.125	0.125
3757	3760	4000	4000	0.125	0.125
3764	3761	4010	4010	0.125	0.125
3766	3763	3491	3491	0.125	0.125
3766	3765	4014	4014	0.125	0.125
3770	3771	3495	3495	0.125	0.125
3770	3776	4018	4018	0.125	0.125
3499	3772	3498	3498	0.125	0.125
3771	3772	3498	3498	0.125	0.125
3499	3773	3510	3508	0.166667	0.166667
3771	3774	3776	3776	0.125	0.125
3776	3777	3771	3771	0.125	0.125
3776	3779	4019	4019	0.125	0.125
3791	3785	3519	3518	0.166667	0.166667
3791	3790	4033	4033	0.125	0.125
3785	3782	3515	3514	0.166667	0.166667
3785	3784	3790	3790	0.125	0.125
3790	3787	3785	3785	0.125	0.125
4029	3788	4021	4023	0.166667	0.166667
3790	3789	4030	4030	0.125	0.125
4029	3789	4030	4030	0.125	0.125
3794	3795	3543	3542	0.166667	0.166667
4037	3797	4036	4036	0.125	0.125
3794	3797	4036	4036	0.125	0.125
4037	3798	4038	4038	0.125	0.125
4038	3804	4037	4037	0.125	0.125
4038	3805	4039	4039	0.125	0.125
3799	3800	3565	3564	0.166667	0.166667
3805	3802	3804	3804	0.125	0.125
3799	3802	3804	3804	0.125	0.125
3805	3803	3814	3814	0.125	0.125
4039	3814	4038	4038	0.125	0.125
4039	3815	4040	4040	0.125	0.125
3814	3808	3805	3805	0.125	0.125
3814	3809	3815	3815	0.125	0.125
3576	3810	3573	3575	0.166667	0.166667
3576	3811	3582	3582	0.125	0.125
3815	3812	3814	3814	0.125	0.125
3815	3813	3824	3824	0.125	0.125
4040	3824	4039	4039	0.125	0.125
4040	3825	4043	4041	0.166667	0.166667
3582	3816	3576	3576	0.125	0.125
3582	3817	3583	3583	0.125	0.125
3824	3818	3815	3815	0.125	0.125
3824	3819	3825	3825	0.125	0.125
3583	3820	3582	3582	0.125	0.125
3583	3821	3594	3592	0.166667	0.166667
3825	3822	3824	3824	0.125	0.125
3825	3823	3836	3834	0.166667	0.166667
3825	3834	3823	3822	0.166667	0.166667
4041	3836	4040	4040	0.0833333	0.0833333
3825	3836	4040	4040	0.0833333	0.0833333
4041	3837	4042	4042	0.125	0.125
4042	3840	4041	4041	0.125	0.125
4042	3841	4047	4045	0.166667	0.166667
3606	3846	3603	3605	0.166667	0.166667
3606	3847	3607	3607	0.0833333	0.0833333
3858	3847	3607	3607	0.0833333	0.0833333
3858	3849	3860	3861	0.166667	0.166667
3607	3858	3601	3606	0.166667	0.166667
3607	3859	3608	3608	0.125	0.125
3858	3860	3847	3849	0.166667	0.166667
3858	3861	3859	3859	0.125	0.125
3859	3864	3858	3858	0.125	0.125
3859	3865	3868	3868	0.125	0.125
3870	3865	3868	3868	0.125	0.125
3870	3867	4065	4066	0.166667	0.166667
3608	3868	3607	3607	0.125	0.125
3608	3869	3609	3609	0.125	0.125
3609	3872	3608	3608	0.125	0.125
3609	3873	3610	3610	0.125	0.125
3610	3876	3609	3609	0.125	0.125
3610	3877	3611	3611	0.125	0.125
3880	3877	3611	3611	0.125	0.125
3880	3879	4104	4105	0.166667	0.166667
3885	3886	3616	3616	0.125	0.125
3885	3891	4148	4149	0.166667	0.166667
3886	3887	3622	3622	0.125	0.125
3896	3888	3629	3629	0.125	0.125
3886	3889	3891	3891	0.125	0.125
3896	3890	3898	3898	0.125	0.125
3891	3892	3886	3886	0.125	0.125
3898	3893	3896	3896	0.125	0.125
3891	3894	4152	4152	0.125	0.125
3898	3895	4162	4162	0.125	0.125
3900	3897	3631	3631	0.125	0.125
3900	3899	4169	4169	0.125	0.125
3932	3933	3663	3663	0.125	0.125
4202	3938	4201	4201	0.125	0.125
3932	3938	4201	4201	0.125	0.125
4202	3939	4203	4203	0.125	0.125
3667	3934	3666	3666	0.125	0.125
3933	3934	3666	3666	0.125	0.125
3667	3935	3670	3670	0.125	0.125
3939	3936	3938	3938	0.125	0.125
3933	3936	3938	3938	0.125	0.125
3939	3937	3948	3948	0.125	0.125
4203	3948	4202	4202	0.125	0.125
4203	3949	4204	4204	0.125	0.125
3670	3940	3667	3667	0.125	0.125
3670	3941	3671	3671	0.125	0.125
3948	3942	3939	3939	0.125	0.125
3948	3943	3949	3949	0.125	0.125
3671	3944	3670	3670	0.125	0.125
3671	3945	3679	3677	0.166667	0.166667
3949	3946	3948	3948	0.125	0.125
3949	3947	3958	3958	0.125	0.125
4204	3958	4203	4203	0.125	0.125
4204	3959	4207	4205	0.166667	0.166667
3958	3952	3949	3949	0.125	0.125
3958	3953	3959	3959	0.125	0.125
3960	3955	3696	3695	0.166667	0.166667
3959	3956	3958	3958	0.125	0.125
3960	3957	3962	3962	0.125	0.125
3959	3957	3962	3962	0.125	0.125
3717	3969	3716	3716	0.125	0.125
3968	3969	3716	3716	0.125	0.125
3717	3970	3728	3726	0.166667	0.166667
3968	3971	3973	3974	0.166667	0.166667
3968	3973	3965	3965	0.125	0.125
3967	3973	3965	3965	0.125	0.125
3968	3974	3971	3969	0.166667	0.166667
3967	3975	4210	4211	0.166667	0.166667
3994	3986	3745	3744	0.166667	0.166667
3993	3987	3990	3992	0.166667	0.166667
3994	3988	3996	3996	0.125	0.125
3993	3988	3996	3996	0.125	0.125
3993	3990	3988	3987	0.166667	0.166667
4235	3991	4227	4229	0.166667	0.166667
3993	3992	4236	4236	0.125	0.125
4235	3992	4236	4236	0.125	0.125
3998	3995	3750	3749	0.166667	0.166667
4239	3996	4236	4238	0.166667	0.166667
3998	3997	4240	4240	0.125	0.125
4239	3997	4240	4240	0.125	0.125
3999	4000	3751	3751	0.125	0.125
3999	4005	4241	4241	0.125	0.125
4000	4001	3757	3757	0.125	0.125
4010	4002	3764	3764	0.125	0.125
4000	4003	4005	4005	0.125	0.125
4010	4004	4012	4012	0.125	0.125
4005	4006	4000	4000	0.125	0.125
4012	4007	4010	4010	0.125	0.125
4005	4008	4242	4242	0.125	0.125
4012	4009	4252	4252	0.125	0.125
4014	4011	3766	3766	0.125	0.125
4014	4013	4256	4256	0.125	0.125
4018	4019	3770	3770	0.125	0.125
4018	4024	4260	4260	0.125	0.125
4019	4020	3776	3776	0.125	0.125
4029	4021	3789	3788	0.166667	0.166667
4019	4022	4024	4024	0.125	0.125
4029	4023	4031	4031	0.125	0.125
4024	4025	4019	4019	0.125	0.125
4031	4026	4029	4029	0.125	0.125
4024	4027	4261	4261	0.125	0.125
4031	4028	4271	4271	0.125	0.125
4033	4030	3791	3791	0.125	0.125
4033	4032	4275	4275	0.125	0.125
4040	4041	3825	3824	0.166667	0.166667
4283	4043	4282	4282	0.125	0.125
4040	4043	4282	4282	0.125	0.125
4283	4044	4284	4284	0.125	0.125
4284	4053	4283	4283	0.125	0.125
4284	4054	4285	4285	0.125	0.125
4042	4045	3841	3840	0.166667	0.166667
4053	4047	4044	4044	0.125	0.125
4042	4047	4044	4044	0.125	0.125
4053	4048	4054	4054	0.125	0.125
4054	4051	4053	4053	0.125	0.125
4054	4052	4063	4063	0.125	0.125
4285	4063	4284	4284	0.125	0.125
4285	4064	4286	4286	0.125	0.125
4063	4057	4054	4054	0.125	0.125
4063	4058	4064	4064	0.125	0.125
4064	4061	4063	4063	0.125	0.125
4064	4062	4073	4073	0.125	0.125
4286	4073	4285	4285	0.125	0.125
4286	4074	4292	4287	0.166667	0.166667
3870	4065	3865	3867	0.166667	0.166667
3870	4066	3871	3871	0.125	0.125
4073	4067	4064	4064	0.125	0.125
4073	4068	4074	4074	0.125	0.125
3871	4069	3870	3870	0.125	0.125
3871	4070	3874	3874	0.125	0.125
4074	4071	4073	4073	0.125	0.125
4074	4072	4083	4083	0.125	0.125
3874	4075	3871	3871	0.125	0.125
3874	4076	3875	3875	0.125	0.125
4083	4077	4074	4074	0.125	0.125
4083	4078	4086	4084	0.166667	0.166667
3875	4079	3874	3874	0.125	0.125
3875	4080	3878	3878	0.125	0.125
4083	4084	4078	4077	0.166667	0.166667
4083	4086	4287	4287	0.125	0.125
3878	4088	3875	3875	0.125	0.125
3878	4089	3879	3879	0.125	0.125
3879	4092	3878	3878	0.125	0.125
3879	4093	3880	3880	0.0833333	0.0833333
4104	4093	3880	3880	0.0833333	0.0833333
4104	4095	4106	4107	0.166667	0.166667
4301	4102	4298	4300	0.166667	0.166667
4301	4103	4304	4304	0.125	0.125
3880	4104	3877	3879	0.166667	0.166667
3880	4105	3881	3881	0.125	0.125
4104	4106	4093	4095	0.166667	0.166667
4104	4107	4105	4105	0.125	0.125
4304	4108	4301	4301	0.125	0.125
4304	4109	4305	4305	0.125	0.125
4105	4110	4104	4104	0.125	0.125
4105	4111	4114	4114	0.125	0.125
4305	4112	4304	4304	0.125	0.125
4305	4113	4308	4308	0.125	0.125
3881	4114	3880	3880	0.125	0.125
3881	4115	3882	3882	0.125	0.125
4114	4116	4105	4105	0.125	0.125
4114	4117	4115	4115	0.125	0.125
4308	4118	4305	4305	0.125	0.125
4308	4119	4309	4309	0.125	0.125
4115	4120	4114	4114	0.125	0.125
4115	4121	4124	4124	0.125	0.125
4309	4122	4308	4308	0.125	0.125
4309	4123	4312	4312	0.125	0.125
3882	4124	3881	3881	0.125	0.125
3882	4125	3883	3883	0.125	0.125
4124	4126	4115	4115	0.125	0.125
4124	4127	4125	4125	0.125	0.125
4312	4128	4309	4309	0.125	0.125
4312	4129	4313	4313	0.125	0.125
4125	4130	4124	4124	0.125	0.125
4125	4131	4134	4134	0.125	0.125
4313	4132	4312	4312	0.125	0.125
4313	4133	4318	4316	0.166667	0.166667
3883	4134	3882	3882	0.125	0.125
3883	4135	3884	3884	0.125	0.125
4134	4136	4125	4125	0.125	0.125
4134	4137	4135	4135	0.125	0.125
4135	4140	4134	4134	0.125	0.125
4135	4141	4144	4144	0.125	0.125
4146	4141	4144	4144	0.125	0.125
4146	4143	4326	4327	0.166667	0.166667
3884	4144	3883	3883	0.125	0.125
3884	4145	3885	3885	0.125	0.125
3885	4148	3884	3884	0.125	0.125
3885	4149	3891	3886	0.166667	0.166667
4152	4153	3891	3891	0.125	0.125
4162	4154	3898	3898	0.125	0.125
4152	4155	4157	4157	0.125	0.125
4162	4156	4164	4165	0.166667	0.166667
4157	4158	4152	4152	0.125	0.125
4157	4160	4352	4352	0.125	0.125
4169	4163	3900	3900	0.125	0.125
4169	4168	4381	4382	0.166667	0.166667
4162	4164	4154	4156	0.166667	0.166667
4162	4165	4163	4163	0.125	0.125
4168	4165	4163	4163	0.125	0.125
4168	4167	4369	4370	0.166667	0.166667
4204	4205	3959	3958	0.166667	0.166667
4204	4207	4443	4443	0.125	0.125
3967	4210	3966	3966	0.125	0.125
4209	4210	3966	3966	0.125	0.125
3967	4211	3975	3973	0.166667	0.166667
4209	4212	4214	4215	0.166667	0.166667
4209	4214	4206	4206	0.125	0.125
4208	4214	4206	4206	0.125	0.125
4209	4215	4212	4210	0.166667	0.166667
4208	4216	4445	4445	0.125	0.125
4235	4227	3992	3991	0.166667	0.166667
4234	4228	4231	4233	0.166667	0.166667
4235	4229	4237	4237	0.125	0.125
4234	4229	4237	4237	0.125	0.125
4234	4231	4229	4228	0.166667	0.166667
4464	4232	4456	4458	0.166667	0.166667
4234	4233	4465	4465	0.125	0.125
4464	4233	4465	4465	0.125	0.125
4239	4236	3997	3996	0.166667	0.166667
4468	4237	4465	4467	0.166667	0.166667
4239	4238	4469	4469	0.125	0.125
4468	4238	4469	4469	0.125	0.125
4241	4242	3999	3999	0.125	0.125
4241	4247	4471	4471	0.125	0.125
4242	4243	4005	4005	0.125	0.125
4252	4244	4012	4012	0.125	0.125
4242	4245	4247	4247	0.125	0.125
4252	4246	4254	4254	0.125	0.125
4247	4248	4242	4242	0.125	0.125
4254	4249	4252	4252	0.125	0.125
4247	4250	4472	4472	0.125	0.125
4254	4251	4482	4482	0.125	0.125
4256	4253	4014	4014	0.125	0.125
4256	4255	4486	4486	0.125	0.125
4260	4261	4018	4018	0.125	0.125
4260	4266	4490	4490	0.125	0.125
4261	4262	4024	4024	0.125	0.125
4271	4263	4031	4031	0.125	0.125
4261	4264	4266	4266	0.125	0.125
4271	4265	4273	4273	0.125	0.125
4266	4267	4261	4261	0.125	0.125
4273	4268	4271	4271	0.125	0.125
4266	4269	4491	4491	0.125	0.125
4273	4270	4501	4501	0.125	0.125
4275	4272	4033	4033	0.125	0.125
4275	4274	4505	4505	0.125	0.125
4286	4287	4074	4073	0.166667	0.166667
4286	4292	4516	4516	0.125	0.125
4287	4288	4083	4083	0.125	0.125
4287	4290	4292	4292	0.125	0.125
4292	4293	4287	4287	0.125	0.125
4302	4294	4300	4299	0.166667	0.166667
4292	4295	4517	4517	0.125	0.125
4302	4296	4527	4527	0.125	0.125
4301	4298	4103	4102	0.166667	0.166667
4302	4299	4294	4296	0.166667	0.166667
4301	4300	4303	4303	0.125	0.125
4302	4300	4303	4303	0.125	0.125
4531	4306	4528	4530	0.166667	0.166667
4531	4307	4532	4532	0.125	0.125
4532	4310	4531	4531	0.125	0.125
4532	4311	4533	4533	0.125	0.125
4533	4314	4532	4532	0.125	0.125
4533	4315	4534	4534	0.125	0.125
4534	4324	4533	4533	0.125	0.125
4534	4325	4535	4535	0.125	0.125
4313	4316	4133	4132	0.166667	0.166667
4324	4318	4315	4315	0.125	0.125
4313	4318	4315	4315	0.125	0.125
4324	4319	4325	4325	0.125	0.125
4325	4322	4324	4324	0.125	0.125
4325	4323	4334	4334	0.125	0.125
4535	4334	4534	4534	0.125	0.125
4535	4335	4538	4536	0.166667	0.166667
4146	4326	4141	4143	0.166667	0.166667
4146	4327	4147	4147	0.125	0.125
4334	4328	4325	4325	0.125	0.125
4334	4329	4335	4335	0.125	0.125
4147	4330	4146	4146	0.125	0.125
4147	4331	4150	4150	0.125	0.125
4335	4332	4334	4334	0.125	0.125
4335	4333	4346	4344	0.166667	0.166667
4150	4336	4147	4147	0.125	0.125
4150	4337	4151	4151	0.125	0.125
4151	4340	4150	4150	0.125	0.125
4151	4341	4157	4157	0.125	0.125
4352	4341	4157	4157	0.125	0.125
4352	4343	4357	4358	0.166667	0.166667
4335	4344	4333	4332	0.166667	0.166667
4536	4346	4535	4535	0.0833333	0.0833333
4335	4346	4535	4535	0.0833333	0.0833333
4536	4347	4537	4537	0.125	0.125
4537	4350	4536	4536	0.125	0.125
4537	4351	4540	4540	0.125	0.125
4352	4353	4157	4157	0.125	0.125
4352	4355	4357	4358	0.166667	0.166667
4352	4357	4341	4343	0.166667	0.166667
4352	4358	4355	4353	0.166667	0.166667
4540	4359	4537	4537	0.125	0.125
4540	4360	4541	4541	0.125	0.125
4541	4363	4540	4540	0.125	0.125
4541	4364	4544	4544	0.125	0.125
4168	4369	4165	4167	0.166667	0.166667
4168	4370	4169	4169	0.0833333	0.0833333
4381	4370	4169	4169	0.0833333	0.0833333
4381	4372	4383	4384	0.166667	0.166667
4544	4375	4541	4541	0.125	0.125
4544	4376	4545	4545	0.125	0.125
4545	4379	4544	4544	0.125	0.125
4545	4380	4548	4548	0.125	0.125
4169	4381	4163	4168	0.166667	0.166667
4169	4382	4170	4170	0.125	0.125
4381	4383	4370	4372	0.166667	0.166667
4381	4384	4382	4382	0.125	0.125
4548	4385	4545	4545	0.125	0.125
4548	4386	4551	4549	0.166667	0.166667
4382	4387	4381	4381	0.125	0.125
4382	4388	4391	4391	0.125	0.125
4170	4391	4169	4169	0.125	0.125
4170	4392	4171	4171	0.125	0.125
4391	4393	4382	4382	0.125	0.125
4391	4394	4392	4392	0.125	0.125
4397	4394	4392	4392	0.125	0.125
4397	4396	4559	4560	0.166667	0.166667
4171	4398	4170	4170	0.125	0.125
4171	4399	4172	4172	0.125	0.125
4402	4399	4172	4172	0.125	0.125
4402	4401	4581	4582	0.166667	0.166667
4173	4403	4172	4172	0.125	0.125
4402	4403	4172	4172	0.125	0.125
4173	4404	4174	4174	0.125	0.125
4402	4405	4581	4582	0.166667	0.166667
4174	4407	4173	4173	0.125	0.125
4174	4408	4175	4175	0.125	0.125
4175	4411	4174	4174	0.125	0.125
4175	4412	4176	4176	0.125	0.125
4415	4412	4176	4176	0.125	0.125
4415	4414	4624	4624	0.125	0.125
4443	4444	4204	4204	0.125	0.125
4443	4446	4655	4656	0.166667	0.166667
4445	4447	4444	4444	0.125	0.125
4446	4447	4444	4444	0.125	0.125
4445	4448	4453	4451	0.166667	0.166667
4446	4449	4662	4663	0.166667	0.166667
4445	4451	4208	4208	0.125	0.125
4445	4453	4447	4448	0.166667	0.166667
4464	4456	4233	4232	0.166667	0.166667
4463	4457	4460	4462	0.166667	0.166667
4464	4458	4466	4466	0.125	0.125
4463	4458	4466	4466	0.125	0.125
4463	4460	4458	4457	0.166667	0.166667
4463	4462	4682	4682	0.125	0.125
4468	4465	4238	4237	0.166667	0.166667
4685	4466	4682	4684	0.166667	0.166667
4468	4467	4686	4686	0.125	0.125
4685	4467	4686	4686	0.125	0.125
4471	4472	4241	4241	0.125	0.125
4471	4477	4689	4690	0.166667	0.166667
4472	4473	4247	4247	0.125	0.125
4482	4474	4254	4254	0.125	0.125
4472	4475	4477	4477	0.125	0.125
4482	4476	4484	4484	0.125	0.125
4477	4478	4472	4472	0.125	0.125
4484	4479	4482	4482	0.125	0.125
4477	4480	4693	4694	0.166667	0.166667
4484	4481	4709	4709	0.125	0.125
4486	4483	4256	4256	0.125	0.125
4486	4485	4713	4713	0.125	0.125
4490	4491	4260	4260	0.125	0.125
4490	4496	4717	4717	0.125	0.125
4491	4492	4266	4266	0.125	0.125
4501	4493	4273	4273	0.125	0.125
4491	4494	4496	4496	0.125	0.125
4501	4495	4503	4503	0.125	0.125
4496	4497	4491	4491	0.125	0.125
4503	4498	4501	4501	0.125	0.125
4496	4499	4718	4718	0.125	0.125
4503	4500	4728	4728	0.125	0.125
4505	4502	4275	4275	0.125	0.125
4505	4504	4735	4735	0.125	0.125
4516	4517	4286	4286	0.125	0.125
4516	4522	4746	4746	0.125	0.125
4517	4518	4292	4292	0.125	0.125
4527	4519	4302	4302	0.125	0.125
4517	4520	4522	4522	0.125	0.125
4527	4521	4529	4529	0.125	0.125
4522	4523	4517	4517	0.125	0.125
4529	4524	4527	4527	0.125	0.125
4522	4525	4747	4747	0.125	0.125
4529	4526	4757	4757	0.125	0.125
4531	4528	4307	4306	0.166667	0.166667
4531	4530	4761	4761	0.125	0.125
4535	4536	4335	4334	0.166667	0.166667
4766	4538	4765	4765	0.125	0.125
4535	4538	4765	4765	0.125	0.125
4766	4539	4767	4767	0.125	0.125
4767	4542	4766	4766	0.125	0.125
4767	4543	4768	4768	0.125	0.125
4768	4546	4767	4767	0.125	0.125
4768	4547	4769	4769	0.125	0.125
4769	4553	4768	4768	0.125	0.125
4769	4554	4770	4770	0.125	0.125
4548	4549	4386	4385	0.166667	0.166667
4554	4551	4553	4553	0.125	0.125
4548	4551	4553	4553	0.125	0.125
4554	4552	4563	4563	0.125	0.125
4770	4563	4769	4769	0.125	0.125
4770	4564	4773	4771	0.166667	0.166667
4563	4557	4554	4554	0.125	0.125
4563	4558	4564	4564	0.125	0.125
4397	4559	4394	4396	0.166667	0.166667
4397	4560	4400	4400	0.125	0.125
4564	4561	4563	4563	0.125	0.125
4564	4562	4575	4573	0.166667	0.166667
4400	4565	4397	4397	0.125	0.125
4400	4566	4401	4401	0.125	0.125
4401	4569	4400	4400	0.125	0.125
4401	4570	4402	4402	0.0833333	0.0833333
4581	4570	4402	4402	0.0833333	0.0833333
4581	4572	4583	4584	0.166667	0.166667
4564	4573	4562	4561	0.166667	0.166667
4771	4575	4770	4770	0.0833333	0.0833333
4564	4575	4770	4770	0.0833333	0.0833333
4771	4576	4772	4772	0.125	0.125
4772	4579	4771	4771	0.125	0.125
4772	4580	4780	4778	0.166667	0.166667
4402	4581	4399	4401	0.166667	0.166667
4402	4582	4405	4403	0.166667	0.166667
4581	4583	4570	4572	0.166667	0.166667
4581	4584	4582	4582	0.125	0.125
4582	4587	4581	4581	0.125	0.125
4582	4588	4591	4591	0.125	0.125
4406	4592	4405	4405	0.125	0.125
4591	4592	4405	4405	0.125	0.125
4406	4593	4409	4409	0.125	0.125
4591	4594	4596	4597	0.166667	0.166667
4591	4596	4582	4582	0.125	0.125
4591	4597	4594	4592	0.166667	0.166667
4791	4598	4783	4785	0.166667	0.166667
4791	4599	4792	4792	0.125	0.125
4792	4602	4791	4791	0.125	0.125
4792	4603	4795	4795	0.125	0.125
4409	4604	4406	4406	0.125	0.125
4409	4605	4410	4410	0.125	0.125
4410	4608	4409	4409	0.125	0.125
4410	4609	4413	4413	0.125	0.125
4616	4610	4613	4615	0.166667	0.166667
4616	4611	4622	4622	0.125	0.125
4616	4613	4611	4610	0.166667	0.166667
4795	4614	4792	4792	0.125	0.125
4616	4615	4796	4796	0.125	0.125
4795	4615	4796	4796	0.125	0.125
4624	4621	4415	4415	0.125	0.125
4799	4622	4796	4798	0.166667	0.166667
4624	4623	4800	4800	0.125	0.125
4799	4623	4800	4800	0.125	0.125
4413	4617	4410	4410	0.125	0.125
4413	4618	4414	4414	0.125	0.125
4621	4618	4414	4414	0.125	0.125
4622	4619	4616	4616	0.125	0.125
4621	4620	4623	4623	0.125	0.125
4622	4620	4623	4623	0.125	0.125
4442	4651	4441	4441	0.125	0.125
4650	4651	4441	4441	0.125	0.125
4442	4652	4443	4443	0.125	0.125
4650	4653	4847	4848	0.166667	0.166667
4443	4655	4442	4442	0.125	0.125
4443	4656	4446	4444	0.166667	0.166667
4656	4658	4655	4655	0.125	0.125
4657	4658	4655	4655	0.125	0.125
4656	4659	4664	4662	0.166667	0.166667
4657	4660	4870	4871	0.166667	0.166667
4446	4662	4443	4443	0.0833333	0.0833333
4656	4662	4443	4443	0.0833333	0.0833333
4446	4663	4449	4447	0.166667	0.166667
4656	4664	4658	4659	0.166667	0.166667
4683	4675	4681	4680	0.166667	0.166667
4887	4676	4884	4886	0.166667	0.166667
4683	4677	4890	4890	0.0833333	0.0833333
4887	4677	4890	4890	0.0833333	0.0833333
4685	4682	4467	4466	0.166667	0.166667
4890	4683	4887	4889	0.166667	0.166667
4685	4684	4891	4891	0.125	0.125
4890	4684	4891	4891	0.125	0.125
4682	4679	4463	4463	0.125	0.125
4683	4680	4675	4677	0.166667	0.166667
4682	4681	4684	4684	0.125	0.125
4683	4681	4684	4684	0.125	0.125
4471	4689	4470	4470	0.125	0.125
4688	4689	4470	4470	0.125	0.125
4471	4690	4477	4472	0.166667	0.166667
4688	4691	4894	4894	0.125	0.125
4477	4693	4471	4471	0.0833333	0.0833333
4690	4693	4471	4471	0.0833333	0.0833333
4477	4694	4480	4478	0.166667	0.166667
4690	4695	4692	4692	0.125	0.125
4709	4698	4484	4484	0.125	0.125
4709	4700	4711	4711	0.125	0.125
4692	4701	4690	4690	0.125	0.125
4692	4703	4896	4896	0.125	0.125
4711	4706	4709	4709	0.125	0.125
4903	4707	4900	4902	0.166667	0.166667
4711	4708	4909	4909	0.0833333	0.0833333
4903	4708	4909	4909	0.0833333	0.0833333
4713	4710	4486	4486	0.125	0.125
4909	4711	4903	4908	0.166667	0.166667
4713	4712	4910	4910	0.125	0.125
4909	4712	4910	4910	0.125	0.125
4717	4718	4490	4490	0.125	0.125
4717	4723	4914	4914	0.125	0.125
4718	4719	4496	4496	0.125	0.125
4728	4720	4503	4503	0.125	0.125
4718	4721	4723	4723	0.125	0.125
4728	4722	4730	4731	0.166667	0.166667
4723	4724	4718	4718	0.125	0.125
4723	4726	4915	4915	0.125	0.125
4735	4729	4505	4505	0.125	0.125
4735	4734	4932	4932	0.125	0.125
4728	4730	4720	4722	0.166667	0.166667
4728	4731	4729	4729	0.125	0.125
4734	4731	4729	4729	0.125	0.125
4734	4733	4926	4926	0.125	0.125
4746	4747	4516	4516	0.125	0.125
4746	4752	4943	4943	0.125	0.125
4747	4748	4522	4522	0.125	0.125
4757	4749	4529	4529	0.125	0.125
4747	4750	4752	4752	0.125	0.125
4757	4751	4759	4759	0.125	0.125
4752	4753	4747	4747	0.125	0.125
4759	4754	4757	4757	0.125	0.125
4752	4755	4944	4944	0.125	0.125
4759	4756	4954	4954	0.125	0.125
4761	4758	4531	4531	0.125	0.125
4761	4760	4958	4958	0.125	0.125
4770	4771	4564	4563	0.166667	0.166667
4770	4773	4967	4968	0.166667	0.166667
4772	4774	4771	4771	0.125	0.125
4773	4774	4771	4771	0.125	0.125
4772	4775	4780	4778	0.166667	0.166667
4773	4776	4974	4975	0.166667	0.166667
4772	4778	4580	4579	0.166667	0.166667
4772	4780	4774	4775	0.166667	0.166667
4791	4783	4599	4598	0.166667	0.166667
4790	4784	4787	4789	0.166667	0.166667
4791	4785	4793	4793	0.125	0.125
4790	4785	4793	4793	0.125	0.125
4790	4787	4785	4784	0.166667	0.166667
4790	4789	4994	4994	0.125	0.125
4997	4793	4994	4996	0.166667	0.166667
4997	4794	4998	4998	0.125	0.125
4799	4796	4623	4622	0.166667	0.166667
4998	4797	4997	4997	0.125	0.125
4799	4798	4999	4999	0.125	0.125
4998	4798	4999	4999	0.125	0.125
4647	4823	4646	4646	0.125	0.125
4822	4823	4646	4646	0.125	0.125
4647	4824	4648	4648	0.125	0.125
4822	4825	5022	5023	0.166667	0.166667
4648	4827	4647	4647	0.125	0.125
4648	4828	4649	4649	0.125	0.125
4827	4829	4824	4824	0.125	0.125
4826	4829	4824	4824	0.125	0.125
4827	4830	4828	4828	0.125	0.125
4826	4831	5027	5028	0.166667	0.166667
4828	4833	4827	4827	0.125	0.125
4828	4834	4837	4837	0.125	0.125
4649	4837	4648	4648	0.125	0.125
4649	4838	4650	4650	0.125	0.125
4837	4839	4828	4828	0.125	0.125
4837	4840	4838	4838	0.125	0.125
5052	4841	5044	5046	0.166667	0.166667
5052	4842	5053	5053	0.125	0.125
4838	4843	4837	4837	0.125	0.125
4838	4844	4847	4847	0.125	0.125
5053	4845	5052	5052	0.125	0.125
5053	4846	5056	5056	0.125	0.125
4650	4847	4649	4649	0.125	0.125
4650	4848	4653	4651	0.166667	0.166667
4847	4849	4838	4838	0.125	0.125
4847	4850	4848	4848	0.125	0.125
5056	4851	5053	5053	0.125	0.125
5056	4852	5057	5057	0.125	0.125
4848	4853	4847	4847	0.125	0.125
4848	4854	4857	4857	0.125	0.125
5057	4855	5056	5056	0.125	0.125
5057	4856	5060	5060	0.125	0.125
4654	4858	4653	4653	0.125	0.125
4857	4858	4653	4653	0.125	0.125
4654	4859	4657	4657	0.125	0.125
4857	4860	4862	4863	0.166667	0.166667
4857	4862	4848	4848	0.125	0.125
4857	4863	4860	4858	0.166667	0.166667
5060	4864	5057	5057	0.125	0.125
5060	4865	5061	5061	0.125	0.125
5061	4868	5060	5060	0.125	0.125
5061	4869	5064	5064	0.125	0.125
4657	4870	4654	4654	0.125	0.125
4657	4871	4660	4658	0.166667	0.166667
4882	4876	4879	4881	0.166667	0.166667
4882	4877	4888	4888	0.125	0.125
4882	4879	4877	4876	0.166667	0.166667
5064	4880	5061	5061	0.125	0.125
4882	4881	5065	5065	0.125	0.125
5064	4881	5065	5065	0.125	0.125
4890	4887	4684	4683	0.166667	0.166667
5068	4888	5065	5067	0.166667	0.166667
4890	4889	5069	5069	0.125	0.125
5068	4889	5069	5069	0.125	0.125
4887	4884	4677	4676	0.166667	0.166667
4888	4885	4882	4882	0.125	0.125
4887	4886	4889	4889	0.125	0.125
4888	4886	4889	4889	0.125	0.125
4894	4895	4688	4688	0.125	0.125
4894	4897	5073	5073	0.125	0.125
4909	4903	4712	4711	0.166667	0.166667
4909	4908	5091	5091	0.125	0.125
4896	4899	4692	4692	0.125	0.125
4903	4900	4708	4707	0.166667	0.166667
4896	4901	4898	4898	0.125	0.125
4903	4902	4908	4908	0.125	0.125
4898	4904	4896	4896	0.125	0.125
4908	4905	4903	4903	0.125	0.125
4898	4906	5075	5075	0.125	0.125
4908	4907	5085	5085	0.125	0.125
4914	4915	4717	4717	0.125	0.125
4914	4920	5096	5096	0.125	0.125
4915	4916	4723	4723	0.125	0.125
4921	4918	4920	4920	0.125	0.125
4915	4918	4920	4920	0.125	0.125
4921	4919	4929	4927	0.166667	0.166667
4932	4926	4735	4735	0.125	0.125
4932	4931	5111	5111	0.125	0.125
4926	4923	4734	4734	0.125	0.125
4926	4925	4931	4931	0.125	0.125
4921	4927	4919	4918	0.166667	0.166667
4931	4928	4926	4926	0.125	0.125
4921	4929	5098	5098	0.125	0.125
4931	4930	5105	5105	0.125	0.125
4943	4944	4746	4746	0.125	0.125
4943	4949	5122	5122	0.125	0.125
4944	4945	4752	4752	0.125	0.125
4954	4946	4759	4759	0.125	0.125
4944	4947	4949	4949	0.125	0.125
4954	4948	4956	4956	0.125	0.125
4949	4950	4944	4944	0.125	0.125
4956	4951	4954	4954	0.125	0.125
4949	4952	5123	5123	0.125	0.125
4956	4953	5133	5133	0.125	0.125
4958	4955	4761	4761	0.125	0.125
4958	4957	5137	5137	0.125	0.125
4770	4967	4769	4769	0.125	0.125
4966	4967	4769	4769	0.125	0.125
4770	4968	4773	4771	0.166667	0.166667
4966	4969	5145	5145	0.125	0.125
4968	4970	4967	4967	0.125	0.125
4969	4970	4967	4967	0.125	0.125
4968	4971	4976	4974	0.166667	0.166667
4969	4972	5146	5146	0.125	0.125
4773	4974	4770	4770	0.0833333	0.0833333
4968	4974	4770	4770	0.0833333	0.0833333
4773	4975	4776	4774	0.166667	0.166667
4968	4976	4970	4971	0.166667	0.166667
4995	4987	4993	4992	0.166667	0.166667
5160	4988	5157	5159	0.166667	0.166667
4995	4989	5163	5163	0.0833333	0.0833333
5160	4989	5163	5163	0.0833333	0.0833333
4997	4994	4794	4793	0.166667	0.166667
5163	4995	5160	5162	0.166667	0.166667
4997	4996	5164	5164	0.125	0.125
5163	4996	5164	5164	0.125	0.125
4994	4991	4790	4790	0.125	0.125
4995	4992	4987	4989	0.166667	0.166667
4994	4993	4996	4996	0.125	0.125
4995	4993	4996	4996	0.125	0.125
4822	5022	4821	4821	0.125	0.125
5021	5022	4821	4821	0.125	0.125
4822	5023	4825	4823	0.166667	0.166667
5021	5024	5188	5189	0.166667	0.166667
4826	5027	4825	4825	0.125	0.125
5026	5027	4825	4825	0.125	0.125
4826	5028	4831	4829	0.166667	0.166667
5026	5029	5031	5032	0.166667	0.166667
5026	5031	5023	5023	0.125	0.125
5025	5031	5023	5023	0.125	0.125
5026	5032	5029	5027	0.166667	0.166667
5025	5033	5193	5194	0.166667	0.166667
5052	5044	4842	4841	0.166667	0.166667
5051	5045	5048	5050	0.166667	0.166667
5052	5046	5054	5054	0.125	0.125
5051	5046	5054	5054	0.125	0.125
5051	5048	5046	5045	0.166667	0.166667
5218	5049	5210	5212	0.166667	0.166667
5051	5050	5219	5219	0.125	0.125
5218	5050	5219	5219	0.125	0.125
5222	5054	5219	5221	0.166667	0.166667
5222	5055	5223	5223	0.125	0.125
5223	5058	5222	5222	0.125	0.125
5223	5059	5224	5224	0.125	0.125
5224	5062	5223	5223	0.125	0.125
5224	5063	5225	5225	0.125	0.125
5068	5065	4889	4888	0.166667	0.166667
5225	5066	5224	5224	0.125	0.125
5068	5067	5226	5226	0.125	0.125
5225	5067	5226	5226	0.125	0.125
5073	5074	4894	4894	0.125	0.125
5073	5076	5231	5231	0.125	0.125
5075	5077	5074	5074	0.125	0.125
5076	5077	5074	5074	0.125	0.125
5075	5078	5083	5081	0.166667	0.166667
5076	5079	5232	5232	0.125	0.125
5091	5085	4909	4909	0.125	0.125
5091	5090	5249	5249	0.125	0.125
5075	5081	4898	4898	0.125	0.125
5085	5082	4908	4908	0.125	0.125
5075	5083	5077	5078	0.166667	0.166667
5085	5084	5090	5090	0.125	0.125
5090	5087	5085	5085	0.125	0.125
5090	5089	5246	5246	0.125	0.125
5096	5097	4914	4914	0.125	0.125
5096	5099	5254	5254	0.125	0.125
5111	5105	4932	4932	0.125	0.125
5111	5110	5272	5273	0.166667	0.166667
5098	5101	4921	4921	0.125	0.125
5105	5102	4931	4931	0.125	0.125
5098	5103	5100	5100	0.125	0.125
5105	5104	5110	5110	0.125	0.125
5100	5106	5098	5098	0.125	0.125
5110	5107	5105	5105	0.125	0.125
5100	5108	5256	5256	0.125	0.125
5110	5109	5263	5263	0.125	0.125
5122	5123	4943	4943	0.125	0.125
5122	5128	5286	5286	0.125	0.125
5123	5124	4949	4949	0.125	0.125
5133	5125	4956	4956	0.125	0.125
5123	5126	5128	5128	0.125	0.125
5133	5127	5135	5135	0.125	0.125
5128	5129	5123	5123	0.125	0.125
5135	5130	5133	5133	0.125	0.125
5128	5131	5287	5287	0.125	0.125
5135	5132	5297	5297	0.125	0.125
5137	5134	4958	4958	0.125	0.125
5137	5136	5304	5304	0.125	0.125
5145	5146	4966	4966	0.125	0.125
5145	5151	5312	5312	0.125	0.125
5146	5147	4969	4969	0.125	0.125
5146	5149	5151	5151	0.125	0.125
5151	5152	5146	5146	0.125	0.125
5161	5153	5159	5158	0.166667	0.166667
5151	5154	5313	5313	0.125	0.125
5161	5155	5323	5323	0.125	0.125
5163	5160	4996	4995	0.166667	0.166667
5163	5162	5327	5327	0.125	0.125
5160	5157	4989	4988	0.166667	0.166667
5161	5158	5153	5155	0.166667	0.166667
5160	5159	5162	5162	0.125	0.125
5161	5159	5162	5162	0.125	0.125
5021	5188	5020	5020	0.125	0.125
5187	5188	5020	5020	0.125	0.125
5021	5189	5024	5022	0.166667	0.166667
5187	5190	5357	5358	0.166667	0.166667
5025	5193	5024	5024	0.125	0.125
5192	5193	5024	5024	0.125	0.125
5025	5194	5033	5031	0.166667	0.166667
5192	5195	5197	5198	0.166667	0.166667
5192	5197	5189	5189	0.125	0.125
5191	5197	5189	5189	0.125	0.125
5192	5198	5195	5193	0.166667	0.166667
5191	5199	5365	5366	0.166667	0.166667
5218	5210	5050	5049	0.166667	0.166667
5217	5211	5214	5216	0.166667	0.166667
5218	5212	5220	5220	0.125	0.125
5217	5212	5220	5220	0.125	0.125
5217	5214	5212	5211	0.166667	0.166667
5390	5215	5382	5384	0.166667	0.166667
5217	5216	5391	5391	0.125	0.125
5390	5216	5391	5391	0.125	0.125
5222	5219	5055	5054	0.166667	0.166667
5394	5220	5391	5393	0.166667	0.166667
5222	5221	5395	5395	0.125	0.125
5394	5221	5395	5395	0.125	0.125
5231	5232	5073	5073	0.125	0.125
5231	5237	5404	5404	0.125	0.125
5232	5233	5076	5076	0.125	0.125
5232	5235	5237	5237	0.125	0.125
5237	5238	5232	5232	0.125	0.125
5247	5239	5245	5244	0.166667	0.166667
5237	5240	5405	5405	0.125	0.125
5247	5241	5415	5415	0.125	0.125
5249	5246	5091	5091	0.125	0.125
5249	5248	5419	5419	0.125	0.125
5246	5243	5090	5090	0.125	0.125
5247	5244	5239	5241	0.166667	0.166667
5246	5245	5248	5248	0.125	0.125
5247	5245	5248	5248	0.125	0.125
5254	5255	5096	5096	0.125	0.125
5254	5257	5424	5424	0.125	0.125
5256	5259	5100	5100	0.125	0.125
5263	5260	5110	5110	0.125	0.125
5256	5261	5258	5258	0.125	0.125
5263	5262	5268	5269	0.166667	0.166667
5258	5264	5256	5256	0.125	0.125
5258	5266	5426	5426	0.125	0.125
5263	5268	5260	5262	0.166667	0.166667
5263	5269	5272	5272	0.125	0.125
5274	5269	5272	5272	0.125	0.125
5274	5271	5445	5445	0.125	0.125
5111	5272	5105	5110	0.166667	0.166667
5111	5273	5112	5112	0.125	0.125
5276	5273	5112	5112	0.125	0.125
5276	5275	5449	5449	0.125	0.125
5286	5287	5122	5122	0.125	0.125
5286	5292	5459	5459	0.125	0.125
5287	5288	5128	5128	0.125	0.125
5297	5289	5135	5135	0.125	0.125
5287	5290	5292	5292	0.125	0.125
5297	5291	5299	5300	0.166667	0.166667
5292	5293	5287	5287	0.125	0.125
5292	5295	5460	5460	0.125	0.125
5304	5298	5137	5137	0.125	0.125
5304	5303	5477	5477	0.125	0.125
5297	5299	5289	5291	0.166667	0.166667
5297	5300	5298	5298	0.125	0.125
5303	5300	5298	5298	0.125	0.125
5303	5302	5471	5471	0.125	0.125
5312	5313	5145	5145	0.125	0.125
5312	5318	5485	5486	0.166667	0.166667
5313	5314	5151	5151	0.125	0.125
5323	5315	5161	5161	0.125	0.125
5313	5316	5318	5318	0.125	0.125
5323	5317	5325	5325	0.125	0.125
5318	5319	5313	5313	0.125	0.125
5325	5320	5323	5323	0.125	0.125
5318	5321	5489	5489	0.125	0.125
5325	5322	5502	5502	0.125	0.125
5327	5324	5163	5163	0.125	0.125
5327	5326	5506	5506	0.125	0.125
5185	5349	5184	5184	0.125	0.125
5348	5349	5184	5184	0.125	0.125
5185	5350	5186	5186	0.125	0.125
5348	5351	5536	5537	0.166667	0.166667
5186	5353	5185	5185	0.125	0.125
5186	5354	5187	5187	0.125	0.125
5187	5357	5186	5186	0.125	0.125
5187	5358	5190	5188	0.166667	0.166667
5358	5360	5357	5357	0.125	0.125
5359	5360	5357	5357	0.125	0.125
5358	5361	5364	5364	0.125	0.125
5359	5362	5572	5573	0.166667	0.166667
5191	5365	5190	5190	0.125	0.125
5364	5365	5190	5190	0.125	0.125
5191	5366	5199	5197	0.166667	0.166667
5364	5367	5369	5370	0.166667	0.166667
5364	5369	5358	5358	0.125	0.125
5364	5370	5367	5365	0.166667	0.166667
5586	5375	5583	5585	0.166667	0.166667
5586	5376	5589	5589	0.125	0.125
5390	5382	5216	5215	0.166667	0.166667
5389	5383	5386	5388	0.166667	0.166667
5390	5384	5392	5392	0.125	0.125
5389	5384	5392	5392	0.125	0.125
5389	5386	5384	5383	0.166667	0.166667
5589	5387	5586	5586	0.125	0.125
5389	5388	5590	5590	0.125	0.125
5589	5388	5590	5590	0.125	0.125
5394	5391	5221	5220	0.166667	0.166667
5593	5392	5590	5592	0.166667	0.166667
5394	5393	5594	5594	0.125	0.125
5593	5393	5594	5594	0.125	0.125
5404	5405	5231	5231	0.125	0.125
5404	5410	5604	5604	0.125	0.125
5405	5406	5237	5237	0.125	0.125
5415	5407	5247	5247	0.125	0.125
5405	5408	5410	5410	0.125	0.125
5415	5409	5417	5417	0.125	0.125
5410	5411	5405	5405	0.125	0.125
5417	5412	5415	5415	0.125	0.125
5410	5413	5605	5605	0.125	0.125
5417	5414	5615	5615	0.125	0.125
5419	5416	5249	5249	0.125	0.125
5419	5418	5622	5622	0.125	0.125
5424	5425	5254	5254	0.125	0.125
5424	5427	5627	5627	0.125	0.125
5426	5429	5258	5258	0.125	0.125
5426	5431	5428	5428	0.125	0.125
5445	5434	5274	5274	0.125	0.125
5445	5436	5447	5447	0.125	0.125
5428	5437	5426	5426	0.125	0.125
5428	5439	5629	5629	0.125	0.125
5447	5442	5445	5445	0.125	0.125
5447	5444	5645	5645	0.125	0.125
5449	5446	5276	5276	0.125	0.125
5449	5448	5649	5649	0.125	0.125
5459	5460	5286	5286	0.125	0.125
5459	5465	5659	5659	0.125	0.125
5460	5461	5292	5292	0.125	0.125
5466	5463	5465	5465	0.125	0.125
5460	5463	5465	5465	0.125	0.125
5466	5464	5474	5472	0.166667	0.166667
5477	5471	5304	5304	0.125	0.125
5477	5476	5680	5680	0.125	0.125
5471	5468	5303	5303	0.125	0.125
5471	5470	5476	5476	0.125	0.125
5466	5472	5464	5463	0.166667	0.166667
5476	5473	5471	5471	0.125	0.125
5466	5474	5661	5662	0.166667	0.166667
5476	5475	5674	5674	0.125	0.125
5312	5485	5311	5311	0.125	0.125
5484	5485	5311	5311	0.125	0.125
5312	5486	5318	5313	0.166667	0.166667
5484	5487	5687	5687	0.125	0.125
5489	5490	5318	5318	0.125	0.125
5502	5491	5325	5325	0.125	0.125
5489	5492	5494	5495	0.166667	0.166667
5502	5493	5504	5504	0.125	0.125
5489	5494	5486	5486	0.125	0.125
5488	5494	5486	5486	0.125	0.125
5489	5495	5492	5490	0.166667	0.166667
5488	5496	5689	5689	0.125	0.125
5504	5499	5502	5502	0.125	0.125
5504	5501	5705	5705	0.125	0.125
5506	5503	5327	5327	0.125	0.125
5506	5505	5709	5709	0.125	0.125
5346	5525	5345	5345	0.125	0.125
5524	5525	5345	5345	0.125	0.125
5346	5526	5347	5347	0.125	0.125
5524	5527	5727	5728	0.166667	0.166667
5347	5529	5346	5346	0.125	0.125
5347	5530	5348	5348	0.125	0.125
5530	5532	5529	5529	0.125	0.125
5531	5532	5529	5529	0.125	0.125
5530	5533	5536	5536	0.125	0.125
5531	5534	5747	5748	0.166667	0.166667
5348	5536	5347	5347	0.125	0.125
5348	5537	5351	5349	0.166667	0.166667
5536	5538	5530	5530	0.125	0.125
5536	5539	5537	5537	0.125	0.125
5537	5542	5536	5536	0.125	0.125
5537	5543	5548	5546	0.166667	0.166667
5764	5544	5761	5763	0.166667	0.166667
5764	5545	5767	5767	0.125	0.125
5351	5546	5348	5348	0.0833333	0.0833333
5537	5546	5348	5348	0.0833333	0.0833333
5351	5547	5352	5352	0.125	0.125
5537	5548	5542	5543	0.166667	0.166667
5352	5550	5351	5351	0.125	0.125
5352	5551	5355	5355	0.125	0.125
5767	5556	5764	5764	0.125	0.125
5767	5557	5768	5768	0.125	0.125
5570	5559	5565	5564	0.166667	0.166667
5768	5560	5767	5767	0.125	0.125
5570	5561	5771	5771	0.0833333	0.0833333
5768	5561	5771	5771	0.0833333	0.0833333
5771	5570	5768	5770	0.166667	0.166667
5771	5571	5772	5772	0.125	0.125
5355	5562	5352	5352	0.125	0.125
5355	5563	5356	5356	0.125	0.125
5570	5564	5559	5561	0.166667	0.166667
5570	5565	5571	5571	0.125	0.125
5356	5566	5355	5355	0.125	0.125
5356	5567	5359	5359	0.125	0.125
5571	5568	5570	5570	0.125	0.125
5571	5569	5580	5580	0.125	0.125
5772	5580	5771	5771	0.125	0.125
5772	5581	5773	5773	0.125	0.125
5359	5572	5356	5356	0.125	0.125
5359	5573	5362	5360	0.166667	0.166667
5580	5574	5571	5571	0.125	0.125
5580	5575	5581	5581	0.125	0.125
5581	5578	5580	5580	0.125	0.125
5581	5579	5587	5587	0.125	0.125
5773	5587	5772	5772	0.125	0.125
5773	5588	5774	5774	0.125	0.125
5586	5583	5376	5375	0.166667	0.166667
5587	5584	5581	5581	0.125	0.125
5586	5585	5588	5588	0.125	0.125
5587	5585	5588	5588	0.125	0.125
5593	5590	5393	5392	0.166667	0.166667
5774	5591	5773	5773	0.125	0.125
5593	5592	5775	5775	0.125	0.125
5774	5592	5775	5775	0.125	0.125
5604	5605	5404	5404	0.125	0.125
5604	5610	5786	5786	0.125	0.125
5605	5606	5410	5410	0.125	0.125
5615	5607	5417	5417	0.125	0.125
5605	5608	5610	5610	0.125	0.125
5615	5609	5617	5618	0.166667	0.166667
5610	5611	5605	5605	0.125	0.125
5610	5613	5787	5787	0.125	0.125
5622	5616	5419	5419	0.125	0.125
5622	5621	5810	5811	0.166667	0.166667
5615	5617	5607	5609	0.166667	0.166667
5615	5618	5616	5616	0.125	0.125
5621	5618	5616	5616	0.125	0.125
5621	5620	5798	5799	0.166667	0.166667
5627	5628	5424	5424	0.125	0.125
5627	5630	5821	5821	0.125	0.125
5629	5632	5428	5428	0.125	0.125
5629	5634	5631	5631	0.125	0.125
5645	5637	5447	5447	0.125	0.125
5644	5638	5641	5643	0.166667	0.166667
5645	5639	5647	5647	0.125	0.125
5644	5639	5647	5647	0.125	0.125
5631	5640	5629	5629	0.125	0.125
5644	5641	5639	5638	0.166667	0.166667
5631	5642	5823	5823	0.125	0.125
5644	5643	5830	5831	0.166667	0.166667
5649	5646	5449	5449	0.125	0.125
5649	5648	5849	5849	0.125	0.125
5659	5660	5459	5459	0.125	0.125
5659	5665	5859	5859	0.125	0.125
5466	5661	5465	5465	0.125	0.125
5660	5661	5465	5465	0.125	0.125
5466	5662	5474	5472	0.166667	0.166667
5660	5663	5665	5665	0.125	0.125
5665	5666	5660	5660	0.125	0.125
5665	5668	5860	5860	0.125	0.125
5680	5674	5477	5477	0.125	0.125
5680	5679	5874	5874	0.125	0.125
5674	5671	5476	5476	0.125	0.125
5674	5673	5679	5679	0.125	0.125
5679	5676	5674	5674	0.125	0.125
5870	5677	5862	5864	0.166667	0.166667
5679	5678	5871	5871	0.125	0.125
5870	5678	5871	5871	0.125	0.125
5687	5688	5484	5484	0.125	0.125
5687	5690	5881	5881	0.125	0.125
5689	5692	5488	5488	0.125	0.125
5689	5694	5691	5691	0.125	0.125
5705	5697	5504	5504	0.125	0.125
5704	5698	5701	5703	0.166667	0.166667
5705	5699	5707	5707	0.125	0.125
5704	5699	5707	5707	0.125	0.125
5691	5700	5689	5689	0.125	0.125
5704	5701	5699	5698	0.166667	0.166667
5691	5702	5883	5883	0.125	0.125
5704	5703	5890	5890	0.125	0.125
5709	5706	5506	5506	0.125	0.125
5896	5707	5890	5895	0.166667	0.166667
5709	5708	5897	5897	0.125	0.125
5896	5708	5897	5897	0.125	0.125
5524	5727	5523	5523	0.125	0.125
5726	5727	5523	5523	0.125	0.125
5524	5728	5527	5525	0.166667	0.166667
5726	5729	5914	5915	0.166667	0.166667
5728	5730	5727	5727	0.125	0.125
5729	5730	5727	5727	0.125	0.125
5728	5731	5734	5734	0.125	0.125
5729	5732	5918	5919	0.166667	0.166667
5528	5735	5527	5527	0.125	0.125
5734	5735	5527	5527	0.125	0.125
5528	5736	5531	5531	0.125	0.125
5734	5737	5739	5740	0.166667	0.166667
5734	5739	5728	5728	0.125	0.125
5734	5740	5737	5735	0.166667	0.166667
5938	5745	5935	5937	0.166667	0.166667
5938	5746	5941	5941	0.125	0.125
5531	5747	5528	5528	0.125	0.125
5531	5748	5534	5532	0.166667	0.166667
5759	5753	5756	5758	0.166667	0.166667
5759	5754	5765	5765	0.125	0.125
5759	5756	5754	5753	0.166667	0.166667
5941	5757	5938	5938	0.125	0.125
5759	5758	5942	5942	0.125	0.125
5941	5758	5942	5942	0.125	0.125
5945	5765	5942	5944	0.166667	0.166667
5945	5766	5946	5946	0.125	0.125
5764	5761	5545	5544	0.166667	0.166667
5765	5762	5759	5759	0.125	0.125
5764	5763	5766	5766	0.125	0.125
5765	5763	5766	5766	0.125	0.125
5771	5768	5571	5570	0.166667	0.166667
5946	5769	5945	5945	0.125	0.125
5771	5770	5947	5947	0.125	0.125
5946	5770	5947	5947	0.125	0.125
5786	5787	5604	5604	0.125	0.125
5963	5792	5962	5962	0.125	0.125
5786	5792	5962	5962	0.125	0.125
5963	5793	5969	5964	0.166667	0.166667
5787	5788	5610	5610	0.125	0.125
5793	5790	5792	5792	0.125	0.125
5787	5790	5792	5792	0.125	0.125
5793	5791	5804	5802	0.166667	0.166667
5621	5798	5618	5620	0.166667	0.166667
5621	5799	5622	5622	0.0833333	0.0833333
5810	5799	5622	5622	0.0833333	0.0833333
5810	5801	5812	5813	0.166667	0.166667
5793	5802	5791	5790	0.166667	0.166667
5964	5804	5963	5963	0.0833333	0.0833333
5793	5804	5963	5963	0.0833333	0.0833333
5964	5805	5967	5965	0.166667	0.166667
5622	5810	5616	5621	0.166667	0.166667
5622	5811	5623	5623	0.125	0.125
5817	5811	5623	5623	0.125	0.125
5817	5816	5987	5988	0.166667	0.166667
5810	5812	5799	5801	0.166667	0.166667
5810	5813	5811	5811	0.125	0.125
5816	5813	5811	5811	0.125	0.125
5816	5815	5975	5976	0.166667	0.166667
5821	5822	5627	5627	0.125	0.125
5998	5824	5997	5997	0.125	0.125
5821	5824	5997	5997	0.125	0.125
5998	5825	6004	5999	0.166667	0.166667
5823	5826	5631	5631	0.125	0.125
5823	5828	5825	5825	0.125	0.125
5644	5830	5641	5643	0.166667	0.166667
5644	5831	5647	5647	0.125	0.125
5842	5831	5647	5647	0.125	0.125
5842	5833	5844	5845	0.166667	0.166667
5825	5834	5823	5823	0.125	0.125
5999	5836	5998	5998	0.0833333	0.0833333
5825	5836	5998	5998	0.0833333	0.0833333
5999	5837	6002	6000	0.166667	0.166667
5849	5843	5649	5649	0.125	0.125
5849	5848	6022	6023	0.166667	0.166667
5842	5844	5831	5833	0.166667	0.166667
5842	5845	5843	5843	0.125	0.125
5848	5845	5843	5843	0.125	0.125
5848	5847	6010	6011	0.166667	0.166667
5859	5860	5659	5659	0.125	0.125
5859	5865	6038	6038	0.125	0.125
5860	5861	5665	5665	0.125	0.125
5870	5862	5678	5677	0.166667	0.166667
5860	5863	5865	5865	0.125	0.125
5870	5864	5872	5872	0.125	0.125
5865	5866	5860	5860	0.125	0.125
5872	5867	5870	5870	0.125	0.125
5865	5868	6039	6039	0.125	0.125
5872	5869	6049	6049	0.125	0.125
5874	5871	5680	5680	0.125	0.125
5874	5873	6053	6053	0.125	0.125
5881	5882	5687	5687	0.125	0.125
5881	5884	6060	6060	0.125	0.125
5896	5890	5708	5707	0.166667	0.166667
5896	5895	6075	6075	0.125	0.125
5883	5886	5691	5691	0.125	0.125
5890	5887	5704	5704	0.125	0.125
5883	5888	5885	5885	0.125	0.125
5890	5889	5895	5895	0.125	0.125
5885	5891	5883	5883	0.125	0.125
5895	5892	5890	5890	0.125	0.125
5885	5893	6062	6062	0.125	0.125
5895	5894	6069	6069	0.125	0.125
5726	5914	5725	5725	0.125	0.125
5913	5914	5725	5725	0.125	0.125
5726	5915	5729	5727	0.166667	0.166667
5913	5916	6092	6092	0.125	0.125
5729	5918	5726	5726	0.0833333	0.0833333
5915	5918	5726	5726	0.0833333	0.0833333
5729	5919	5732	5730	0.166667	0.166667
5915	5920	5917	5917	0.125	0.125
5917	5926	5915	5915	0.125	0.125
5917	5928	6094	6094	0.125	0.125
5939	5931	5937	5936	0.166667	0.166667
6104	5932	6101	6103	0.166667	0.166667
5939	5933	6110	6110	0.0833333	0.0833333
6104	5933	6110	6110	0.0833333	0.0833333
6110	5939	6104	6109	0.166667	0.166667
6110	5940	6111	6111	0.125	0.125
5938	5935	5746	5745	0.166667	0.166667
5939	5936	5931	5933	0.166667	0.166667
5938	5937	5940	5940	0.125	0.125
5939	5937	5940	5940	0.125	0.125
5945	5942	5766	5765	0.166667	0.166667
6111	5943	6110	6110	0.125	0.125
5945	5944	6112	6112	0.125	0.125
6111	5944	6112	6112	0.125	0.125
5963	5964	5793	5792	0.166667	0.166667
6131	5969	6130	6130	0.125	0.125
5963	5969	6130	6130	0.125	0.125
6131	5970	6137	6132	0.166667	0.166667
5964	5965	5805	5804	0.166667	0.166667
5970	5967	5969	5969	0.125	0.125
5964	5967	5969	5969	0.125	0.125
5970	5968	5981	5979	0.166667	0.166667
5816	5975	5813	5815	0.166667	0.166667
5816	5976	5817	5817	0.0833333	0.0833333
5987	5976	5817	5817	0.0833333	0.0833333
5987	5978	5989	5990	0.166667	0.166667
5970	5979	5968	5967	0.166667	0.166667
6132	5981	6131	6131	0.0833333	0.0833333
5970	5981	6131	6131	0.0833333	0.0833333
6132	5982	6135	6133	0.166667	0.166667
5817	5987	5811	5816	0.166667	0.166667
5817	5988	5818	5818	0.125	0.125
5994	5988	5818	5818	0.125	0.125
5994	5993	6149	6149	0.125	0.125
5987	5989	5976	5978	0.166667	0.166667
5987	5990	5988	5988	0.125	0.125
5993	5990	5988	5988	0.125	0.125
5993	5992	6143	6143	0.125	0.125
5998	5999	5825	5824	0.166667	0.166667
6154	6004	6153	6153	0.125	0.125
5998	6004	6153	6153	0.125	0.125
6154	6005	6160	6155	0.166667	0.166667
5999	6000	5837	5836	0.166667	0.166667
6005	6002	6004	6004	0.125	0.125
5999	6002	6004	6004	0.125	0.125
6005	6003	6016	6014	0.166667	0.166667
5848	6010	5845	5847	0.166667	0.166667
5848	6011	5849	5849	0.0833333	0.0833333
6022	6011	5849	5849	0.0833333	0.0833333
6022	6013	6024	6025	0.166667	0.166667
6005	6014	6003	6002	0.166667	0.166667
6155	6016	6154	6154	0.0833333	0.0833333
6005	6016	6154	6154	0.0833333	0.0833333
6155	6017	6158	6156	0.166667	0.166667
5849	6022	5843	5848	0.166667	0.166667
5849	6023	5850	5850	0.125	0.125
6029	6023	5850	5850	0.125	0.125
6029	6028	6172	6172	0.125	0.125
6022	6024	6011	6013	0.166667	0.166667
6022	6025	6023	6023	0.125	0.125
6028	6025	6023	6023	0.125	0.125
6028	6027	6166	6166	0.125	0.125
6038	6039	5859	5859	0.125	0.125
6038	6044	6181	6181	0.125	0.125
6039	6040	5865	5865	0.125	0.125
6049	6041	5872	5872	0.125	0.125
6039	6042	6044	6044	0.125	0.125
6049	6043	6051	6051	0.125	0.125
6044	6045	6039	6039	0.125	0.125
6051	6046	6049	6049	0.125	0.125
6183	6047	6182	6182	0.125	0.125
6044	6047	6182	6182	0.125	0.125
6051	6048	6186	6186	0.0833333	0.0833333
6183	6048	6186	6186	0.0833333	0.0833333
6053	6050	5874	5874	0.125	0.125
6186	6051	6183	6185	0.166667	0.166667
6053	6052	6187	6187	0.125	0.125
6186	6052	6187	6187	0.125	0.125
6060	6061	5881	5881	0.125	0.125
6060	6063	6194	6194	0.125	0.125
6075	6069	5896	5896	0.125	0.125
6075	6074	6209	6209	0.125	0.125
6062	6065	5885	5885	0.125	0.125
6069	6066	5895	5895	0.125	0.125
6062	6067	6064	6064	0.125	0.125
6069	6068	6074	6074	0.125	0.125
6064	6070	6062	6062	0.125	0.125
6074	6071	6069	6069	0.125	0.125
6064	6072	6196	6196	0.125	0.125
6074	6073	6203	6203	0.125	0.125
6092	6093	5913	5913	0.125	0.125
6092	6095	6226	6226	0.125	0.125
6094	6096	6093	6093	0.125	0.125
6095	6096	6093	6093	0.125	0.125
6094	6097	6102	6100	0.166667	0.166667
6095	6098	6227	6227	0.125	0.125
6110	6104	5940	5939	0.166667	0.166667
6110	6109	6241	6241	0.125	0.125
6094	6100	5917	5917	0.125	0.125
6104	6101	5933	5932	0.166667	0.166667
6094	6102	6096	6097	0.166667	0.166667
6104	6103	6109	6109	0.125	0.125
6109	6106	6104	6104	0.125	0.125
6109	6108	6238	6238	0.125	0.125
6131	6132	5970	5969	0.166667	0.166667
6131	6137	6262	6262	0.125	0.125
6132	6133	5982	5981	0.166667	0.166667
6138	6135	6137	6137	0.125	0.125
6132	6135	6137	6137	0.125	0.125
6138	6136	6146	6144	0.166667	0.166667
6149	6143	5994	5994	0.125	0.125
6149	6148	6280	6280	0.125	0.125
6143	6140	5993	5993	0.125	0.125
6143	6142	6148	6148	0.125	0.125
6138	6144	6136	6135	0.166667	0.166667
6148	6145	6143	6143	0.125	0.125
6138	6146	6264	6264	0.125	0.125
6148	6147	6274	6274	0.125	0.125
6154	6155	6005	6004	0.166667	0.166667
6154	6160	6285	6285	0.125	0.125
6155	6156	6017	6016	0.166667	0.166667
6161	6158	6160	6160	0.125	0.125
6155	6158	6160	6160	0.125	0.125
6161	6159	6169	6167	0.166667	0.166667
6172	6166	6029	6029	0.125	0.125
6172	6171	6306	6307	0.166667	0.166667
6166	6163	6028	6028	0.125	0.125
6166	6165	6171	6171	0.125	0.125
6161	6167	6159	6158	0.166667	0.166667
6171	6168	6166	6166	0.125	0.125
6161	6169	6287	6287	0.125	0.125
6171	6170	6294	6295	0.166667	0.166667
6181	6182	6038	6038	0.125	0.125
6186	6183	6052	6051	0.166667	0.166667
6322	6184	6321	6321	0.125	0.125
6181	6184	6321	6321	0.125	0.125
6186	6185	6323	6323	0.125	0.125
6322	6185	6323	6323	0.125	0.125
6194	6195	6060	6060	0.125	0.125
6194	6197	6331	6331	0.125	0.125
6209	6203	6075	6075	0.125	0.125
6209	6208	6352	6353	0.166667	0.166667
6196	6199	6064	6064	0.125	0.125
6203	6200	6074	6074	0.125	0.125
6196	6201	6198	6198	0.125	0.125
6203	6202	6208	6208	0.125	0.125
6198	6204	6196	6196	0.125	0.125
6208	6205	6203	6203	0.125	0.125
6198	6206	6333	6333	0.125	0.125
6208	6207	6340	6341	0.166667	0.166667
6226	6227	6092	6092	0.125	0.125
6373	6232	6372	6372	0.125	0.125
6226	6232	6372	6372	0.125	0.125
6373	6233	6374	6374	0.125	0.125
6227	6228	6095	6095	0.125	0.125
6233	6230	6232	6232	0.125	0.125
6227	6230	6232	6232	0.125	0.125
6233	6231	6239	6239	0.125	0.125
6241	6238	6110	6110	0.125	0.125
6374	6239	6373	6373	0.125	0.125
6241	6240	6375	6375	0.125	0.125
6374	6240	6375	6375	0.125	0.125
6238	6235	6109	6109	0.125	0.125
6239	6236	6233	6233	0.125	0.125
6238	6237	6240	6240	0.125	0.125
6239	6237	6240	6240	0.125	0.125
6262	6263	6131	6131	0.125	0.125
6262	6265	6396	6396	0.125	0.125
6264	6266	6263	6263	0.125	0.125
6265	6266	6263	6263	0.125	0.125
6264	6267	6272	6270	0.166667	0.166667
6265	6268	6397	6397	0.125	0.125
6280	6274	6149	6149	0.125	0.125
6280	6279	6414	6414	0.125	0.125
6264	6270	6138	6138	0.125	0.125
6274	6271	6148	6148	0.125	0.125
6264	6272	6266	6267	0.166667	0.166667
6274	6273	6279	6279	0.125	0.125
6279	6276	6274	6274	0.125	0.125
6279	6278	6411	6411	0.125	0.125
6285	6286	6154	6154	0.125	0.125
6420	6288	6419	6419	0.125	0.125
6285	6288	6419	6419	0.125	0.125
6420	6289	6426	6421	0.166667	0.166667
6287	6290	6161	6161	0.125	0.125
6287	6292	6289	6289	0.125	0.125
6171	6294	6168	6170	0.166667	0.166667
6171	6295	6172	6172	0.0833333	0.0833333
6306	6295	6172	6172	0.0833333	0.0833333
6306	6297	6308	6309	0.166667	0.166667
6289	6298	6287	6287	0.125	0.125
6421	6300	6420	6420	0.0833333	0.0833333
6289	6300	6420	6420	0.0833333	0.0833333
6421	6301	6424	6422	0.166667	0.166667
6172	6306	6166	6171	0.166667	0.166667
6172	6307	6173	6173	0.125	0.125
6313	6307	6173	6173	0.125	0.125
6313	6312	6444	6445	0.166667	0.166667
6306	6308	6295	6297	0.166667	0.166667
6306	6309	6307	6307	0.125	0.125
6312	6309	6307	6307	0.125	0.125
6312	6311	6432	6433	0.166667	0.166667
6331	6332	6194	6194	0.125	0.125
6469	6334	6468	6468	0.125	0.125
6331	6334	6468	6468	0.125	0.125
6469	6335	6475	6470	0.166667	0.166667
6333	6336	6198	6198	0.125	0.125
6333	6338	6335	6335	0.125	0.125
6208	6340	6205	6207	0.166667	0.166667
6208	6341	6209	6209	0.0833333	0.0833333
6352	6341	6209	6209	0.0833333	0.0833333
6352	6343	6354	6354	0.125	0.125
6335	6344	6333	6333	0.125	0.125
6470	6346	6469	6469	0.0833333	0.0833333
6335	6346	6469	6469	0.0833333	0.0833333
6470	6347	6473	6471	0.166667	0.166667
6354	6349	6352	6352	0.125	0.125
6354	6351	6480	6480	0.125	0.125
6209	6352	6203	6208	0.166667	0.166667
6209	6353	6210	6210	0.125	0.125
6356	6353	6210	6210	0.125	0.125
6356	6355	6487	6487	0.125	0.125
6396	6397	6262	6262	0.125	0.125
6396	6402	6527	6527	0.125	0.125
6397	6398	6265	6265	0.125	0.125
6397	6400	6402	6402	0.125	0.125
6402	6403	6397	6397	0.125	0.125
6412	6404	6410	6409	0.166667	0.166667
6402	6405	6528	6528	0.125	0.125
6412	6406	6538	6538	0.125	0.125
6414	6411	6280	6280	0.125	0.125
6414	6413	6542	6542	0.125	0.125
6411	6408	6279	6279	0.125	0.125
6412	6409	6404	6406	0.166667	0.166667
6411	6410	6413	6413	0.125	0.125
6412	6410	6413	6413	0.125	0.125
6420	6421	6289	6288	0.166667	0.166667
6549	6426	6548	6548	0.125	0.125
6420	6426	6548	6548	0.125	0.125
6549	6427	6555	6550	0.166667	0.166667
6421	6422	6301	6300	0.166667	0.166667
6427	6424	6426	6426	0.125	0.125
6421	6424	6426	6426	0.125	0.125
6427	6425	6438	6436	0.166667	0.166667
6312	6432	6309	6311	0.166667	0.166667
6312	6433	6313	6313	0.0833333	0.0833333
6444	6433	6313	6313	0.0833333	0.0833333
6444	6435	6446	6447	0.166667	0.166667
6427	6436	6425	6424	0.166667	0.166667
6550	6438	6549	6549	0.0833333	0.0833333
6427	6438	6549	6549	0.0833333	0.0833333
6550	6439	6553	6551	0.166667	0.166667
6313	6444	6307	6312	0.166667	0.166667
6313	6445	6314	6314	0.125	0.125
6451	6445	6314	6314	0.125	0.125
6451	6450	6567	6567	0.125	0.125
6444	6446	6433	6435	0.166667	0.166667
6444	6447	6445	6445	0.125	0.125
6450	6447	6445	6445	0.125	0.125
6450	6449	6561	6561	0.125	0.125
6469	6470	6335	6334	0.166667	0.166667
6469	6475	6585	6585	0.125	0.125
6470	6471	6347	6346	0.166667	0.166667
6480	6472	6354	6354	0.125	0.125
6470	6473	6475	6475	0.125	0.125
6480	6474	6482	6483	0.166667	0.166667
6475	6476	6470	6470	0.125	0.125
6475	6478	6586	6586	0.125	0.125
6487	6481	6356	6356	0.125	0.125
6487	6486	6603	6603	0.125	0.125
6480	6482	6472	6474	0.166667	0.166667
6480	6483	6481	6481	0.125	0.125
6486	6483	6481	6481	0.125	0.125
6486	6485	6597	6597	0.125	0.125
6527	6528	6396	6396	0.125	0.125
6527	6533	6643	6643	0.125	0.125
6528	6529	6402	6402	0.125	0.125
6538	6530	6412	6412	0.125	0.125
6528	6531	6533	6533	0.125	0.125
6538	6532	6540	6540	0.125	0.125
6533	6534	6528	6528	0.125	0.125
6540	6535	6538	6538	0.125	0.125
6533	6536	6644	6644	0.125	0.125
6540	6537	6654	6654	0.125	0.125
6542	6539	6414	6414	0.125	0.125
6542	6541	6658	6658	0.125	0.125
6549	6550	6427	6426	0.166667	0.166667
6549	6555	6665	6665	0.125	0.125
6550	6551	6439	6438	0.166667	0.166667
6556	6553	6555	6555	0.125	0.125
6550	6553	6555	6555	0.125	0.125
6556	6554	6564	6562	0.166667	0.166667
6567	6561	6451	6451	0.125	0.125
6567	6566	6677	6677	0.125	0.125
6561	6558	6450	6450	0.125	0.125
6561	6560	6566	6566	0.125	0.125
6556	6562	6554	6553	0.166667	0.166667
6566	6563	6561	6561	0.125	0.125
6556	6564	6667	6667	0.125	0.125
6566	6565	6674	6674	0.125	0.125
6585	6586	6469	6469	0.125	0.125
6585	6591	6695	6695	0.125	0.125
6586	6587	6475	6475	0.125	0.125
6592	6589	6591	6591	0.125	0.125
6586	6589	6591	6591	0.125	0.125
6592	6590	6600	6598	0.166667	0.166667
6603	6597	6487	6487	0.125	0.125
6603	6602	6710	6710	0.125	0.125
6597	6594	6486	6486	0.125	0.125
6597	6596	6602	6602	0.125	0.125
6592	6598	6590	6589	0.166667	0.166667
6602	6599	6597	6597	0.125	0.125
6592	6600	6697	6697	0.125	0.125
6602	6601	6704	6704	0.125	0.125
6643	6644	6527	6527	0.125	0.125
6643	6649	6750	6751	0.166667	0.166667
6644	6645	6533	6533	0.125	0.125
6654	6646	6540	6540	0.125	0.125
6644	6647	6649	6649	0.125	0.125
6654	6648	6656	6656	0.125	0.125
6649	6650	6644	6644	0.125	0.125
6656	6651	6654	6654	0.125	0.125
6649	6652	6754	6755	0.166667	0.166667
6656	6653	6770	6770	0.125	0.125
6658	6655	6542	6542	0.125	0.125
6658	6657	6774	6774	0.125	0.125
6665	6666	6549	6549	0.125	0.125
6782	6668	6781	6781	0.125	0.125
6665	6668	6781	6781	0.125	0.125
6782	6669	6783	6783	0.125	0.125
6677	6674	6567	6567	0.125	0.125
6783	6675	6782	6782	0.125	0.125
6677	6676	6784	6784	0.125	0.125
6783	6676	6784	6784	0.125	0.125
6667	6670	6556	6556	0.125	0.125
6674	6671	6566	6566	0.125	0.125
6675	6672	6669	6669	0.125	0.125
6667	6672	6669	6669	0.125	0.125
6674	6673	6676	6676	0.125	0.125
6675	6673	6676	6676	0.125	0.125
6695	6696	6585	6585	0.125	0.125
6695	6698	6802	6802	0.125	0.125
6710	6704	6603	6603	0.125	0.125
6710	6709	6817	6817	0.125	0.125
6697	6700	6592	6592	0.125	0.125
6704	6701	6602	6602	0.125	0.125
6697	6702	6699	6699	0.125	0.125
6704	6703	6709	6709	0.125	0.125
6699	6705	6697	6697	0.125	0.125
6709	6706	6704	6704	0.125	0.125
6699	6707	6804	6804	0.125	0.125
6709	6708	6811	6811	0.125	0.125
6643	6750	6642	6642	0.125	0.125
6749	6750	6642	6642	0.125	0.125
6643	6751	6649	6644	0.166667	0.166667
6749	6752	6856	6856	0.125	0.125
6649	6754	6643	6643	0.0833333	0.0833333
6751	6754	6643	6643	0.0833333	0.0833333
6649	6755	6652	6650	0.166667	0.166667
6751	6756	6753	6753	0.125	0.125
6770	6759	6656	6656	0.125	0.125
6770	6761	6772	6772	0.125	0.125
6753	6762	6751	6751	0.125	0.125
6753	6764	6858	6858	0.125	0.125
6772	6767	6770	6770	0.125	0.125
6865	6768	6862	6864	0.166667	0.166667
6772	6769	6868	6868	0.0833333	0.0833333
6865	6769	6868	6868	0.0833333	0.0833333
6774	6771	6658	6658	0.125	0.125
6868	6772	6865	6867	0.166667	0.166667
6774	6773	6869	6869	0.125	0.125
6868	6773	6869	6869	0.125	0.125
6802	6803	6695	6695	0.125	0.125
6802	6805	6897	6897	0.125	0.125
6817	6811	6710	6710	0.125	0.125
6817	6816	6915	6915	0.125	0.125
6804	6807	6699	6699	0.125	0.125
6811	6808	6709	6709	0.125	0.125
6804	6809	6806	6806	0.125	0.125
6811	6810	6816	6816	0.125	0.125
6806	6812	6804	6804	0.125	0.125
6816	6813	6811	6811	0.125	0.125
6806	6814	6899	6899	0.125	0.125
6816	6815	6909	6909	0.125	0.125
6856	6857	6749	6749	0.125	0.125
6955	6859	6954	6954	0.125	0.125
6856	6859	6954	6954	0.125	0.125
6955	6860	6956	6956	0.125	0.125
6868	6865	6773	6772	0.166667	0.166667
6956	6866	6955	6955	0.125	0.125
6868	6867	6957	6957	0.125	0.125
6956	6867	6957	6957	0.125	0.125
6858	6861	6753	6753	0.125	0.125
6865	6862	6769	6768	0.166667	0.166667
6866	6863	6860	6860	0.125	0.125
6858	6863	6860	6860	0.125	0.125
6865	6864	6867	6867	0.125	0.125
6866	6864	6867	6867	0.125	0.125
6897	6898	6802	6802	0.125	0.125
6897	6900	6986	6986	0.125	0.125
6899	6901	6898	6898	0.125	0.125
6900	6901	6898	6898	0.125	0.125
6899	6902	6907	6905	0.166667	0.166667
6900	6903	6987	6987	0.125	0.125
6915	6909	6817	6817	0.125	0.125
6915	6914	7001	7001	0.125	0.125
6899	6905	6806	6806	0.125	0.125
6909	6906	6816	6816	0.125	0.125
6899	6907	6901	6902	0.166667	0.166667
6909	6908	6914	6914	0.125	0.125
6914	6911	6909	6909	0.125	0.125
6914	6913	6998	6998	0.125	0.125
6986	6987	6897	6897	0.125	0.125
7073	6992	7072	7072	0.125	0.125
6986	6992	7072	7072	0.125	0.125
7073	6993	7074	7074	0.125	0.125
6987	6988	6900	6900	0.125	0.125
6993	6990	6992	6992	0.125	0.125
6987	6990	6992	6992	0.125	0.125
6993	6991	6999	6999	0.125	0.125
7001	6998	6915	6915	0.125	0.125
7074	6999	7073	7073	0.125	0.125
7001	7000	7075	7075	0.125	0.125
7074	7000	7075	7075	0.125	0.125
6998	6995	6914	6914	0.125	0.125
6999	6996	6993	6993	0.125	0.125
6998	6997	7000	7000	0.125	0.125
6999	6997	7000	7000	0.125	0.125
