2246.652344 2229.566406 2210.272461 2204.712158 2202.112305 2199.479736 2199.434814 2200.057129 2199.967529 2195.729736 
2181.12915 2159.246582 2146.008545 2141.990723 2137.782227 2137.818115 2145.490234 2139.798584 2137.616699 2139.006592 
2140.49707 2141.473389 2138.532715 2128.57959 2111.667725 2105.562744 2105.520752 2104.987305 2100.07959 2097.617676 
2090.083252 2062.700439 2065.515625 2082.230225 2112.115967 2122.937988 2127.118408 2123.350098 2119.016846 2116.966064 
2117.060791 2118.648438 2120.747559 2128.367432 2137.702637 2142.826416 2136.623535 2128.477539 2127.057617 2116.365234 
2113.659912 2122.510742 2102.05835 2088.342529 2086.384766 2090.241211 2096.026123 2103.75708 2104.575195 2096.475342 
2082.83252 2072.55249 2065.527588 2057.086914 2048.433594 2041.216431 2036.275269 2036.315674 2033.737305 2033.223267 
2035.523438 2029.322754 2010.077026 1988.513062 2267.881836 2251.526611 2233.916016 2215.260986 2207.904785 2208.854248 
2208.36084 2206.70874 2202.935547 2197.556152 2183.43335 2159.289795 2147.050781 2144.179443 2142.196777 2146.180908 
2149.955566 2146.372559 2143.299072 2143.302734 2144.44873 2149.094971 2152.091553 2131.236816 2118.19458 2115.164307 
2115.435547 2115.608643 2113.782959 2109.7146 2086.462158 2071.509766 2074.021973 2106.309326 2133.883301 2134.411377 
2130.481934 2125.604736 2122.406982 2119.557373 2119.349121 2119.286133 2119.558838 2125.060303 2136.689697 2146.586914 
2146.722412 2147.114258 2141.418701 2139.230469 2137.499268 2132.305664 2114.883545 2100.113281 2094.368408 2093.123291 
2096.07666 2103.44873 2110.316406 2109.359863 2096.948975 2079.114014 2069.767334 2063.697021 2055.299072 2048.063721 
2044.390259 2042.453735 2042.238281 2042.831055 2043.209473 2025.643555 2011.346313 1999.752808 2290.925293 2279.488281 
2259.434082 2231.118408 2216.65625 2217.613037 2221.985596 2217.766113 2206.656738 2196.644775 2182.805176 2162.31665 
2153.963623 2148.410889 2146.498779 2147.940918 2150.647461 2146.229248 2144.919922 2146.193848 2150.382812 2162.457031 
2157.124023 2144.737793 2134.270752 2130.651123 2129.358887 2129.368652 2126.640137 2110.789795 2091.059326 2081.171387 
2088.678711 2130.056885 2143.770996 2138.609863 2132.32251 2128.08252 2124.772217 2122.544189 2120.44043 2119.687012 
2119.928467 2124.265137 2136.268311 2147.968018 2154.512695 2159.655029 2147.804688 2139.144531 2134.21875 2127.364502 
2112.895752 2103.925781 2099.755127 2097.967529 2098.126709 2104.165039 2112.256104 2119.105713 2100.414551 2082.469971 
2073.149902 2067.189453 2058.881348 2053.550049 2048.89917 2046.464355 2046.591675 2050.79834 2047.002808 2028.991943 
2016.477173 2001.403687 2318.099854 2300.599854 2278.898438 2249.818848 2227.324463 2226.39209 2230.391113 2239.084229 
2217.668701 2202.754395 2189.230713 2168.445557 2158.12915 2154.745605 2152.84375 2152.957764 2153.997314 2148.405518 
2148.97876 2155.337158 2166.029297 2172.750244 2160.679443 2147.813721 2143.681641 2143.120117 2143.826172 2143.726562 
2137.180664 2109.643555 2092.354248 2088.674316 2104.282227 2128.798096 2153.287109 2143.04126 2133.758545 2130.322021 
2127.248047 2124.465332 2121.685791 2120.386719 2120.150879 2122.405029 2135.800781 2149.46167 2158.588623 2163.966064 
2139.319824 2130.046875 2126.460449 2122.155518 2112.792969 2106.029053 2103.723145 2102.466064 2102.927246 2107.441895 
2116.052246 2126.265137 2112.800049 2096.40332 2083.573242 2072.897949 2064.892334 2058.349609 2052.174072 2049.013184 
2048.937744 2054.604492 2052.947021 2031.214233 2017.590332 2006.042358 2336.871094 2322.172607 2295.023438 2266.377441 
2242.098877 2238.897705 2242.127197 2254.537598 2237.196045 2217.801514 2202.19043 2185.736572 2169.48877 2158.61377 
2156.522217 2156.500977 2157.172363 2159.227051 2162.851318 2173.012451 2184.427246 2167.390137 2148.037842 2144.874023 
2143.20166 2143.698242 2147.289795 2150.596191 2135.772217 2108.040527 2096.880859 2101.244873 2111.841797 2128.464111 
2149.928223 2150.570557 2138.24707 2132.20459 2128.600098 2124.858887 2121.633545 2120.503906 2120.442383 2122.727295 
2136.010986 2152.033447 2163.147705 2158.178955 2129.157959 2121.940674 2121.194092 2118.574951 2113.169434 2110.138184 
2107.887695 2106.236816 2106.708984 2109.807129 2118.537354 2128.066895 2125.716064 2111.966553 2094.322021 2082.181152 
2071.190918 2062.076904 2055.843018 2049.430176 2048.885986 2051.17334 2058.046875 2040.879761 2028.992188 2000.031982 
2345.422363 2330.932129 2308.715332 2280.663574 2255.795898 2250.230957 2250.135742 2266.377441 2250.561279 2233.412842 
2218.443359 2203.090088 2186.80249 2172.11792 2158.779053 2159.10376 2162.594727 2170.86377 2180.5979 2193.775146 
2176.991455 2157.405518 2145.112549 2143.046387 2142.162354 2143.138672 2145.322754 2140.498291 2122.349609 2110.256592 
2101.127441 2102.234131 2113.069824 2131.462891 2149.751953 2160.439453 2147.421143 2133.849609 2130.090576 2125.626465 
2122.353516 2120.504395 2120.493408 2123.887695 2140.61377 2151.634766 2159.316406 2149.538574 2122.095215 2120.476318 
2118.874756 2116.997559 2113.296387 2112.287354 2112.16748 2110.499268 2109.959717 2112.204834 2120.202637 2128.062988 
2120.536377 2109.65918 2096.874512 2086.593262 2075.763428 2063.960205 2049.368896 2045.453369 2044.157593 2044.664307 
2051.590332 2040.804443 2018.661743 1994.208252 2347.698242 2336.322266 2314.314941 2293.404297 2276.072998 2263.979248 
2262.222412 2278.02002 2265.259033 2245.913086 2229.486328 2215.463623 2199.518799 2187.536865 2171.126709 2170.224854 
2173.922363 2182.936035 2186.359131 2176.286865 2156.475586 2143.148193 2138.359375 2138.659912 2140.307617 2139.584229 
2137.356445 2129.864014 2119.965088 2110.957275 2105.265381 2107.776611 2117.387207 2129.711182 2145.587158 2163.664062 
2151.578125 2135.384766 2131.525146 2128.897949 2124.447754 2121.706055 2121.907715 2127.568115 2139.251465 2146.987061 
2154.841797 2139.490967 2120.982178 2119.036133 2117.673584 2116.174072 2114.246094 2114.012451 2115.314697 2116.582031 
2113.910889 2114.803467 2121.139893 2126.294189 2118.31543 2106.927002 2096.157471 2089.137695 2080.770752 2065.665039 
2049.34082 2045.092773 2039.077515 2037.516846 2030.383911 2015.883057 2000.39856 1980.527222 2345.48999 2337.236328 
2322.25415 2305.831787 2300.326172 2283.408691 2276.76416 2278.52124 2274.943359 2254.056396 2236.380127 2221.983154 
2212.174072 2200.270996 2182.041504 2179.525146 2179.457275 2175.506592 2171.134766 2159.476318 2140.788574 2134.570312 
2132.333252 2136.257324 2137.223389 2135.71167 2131.654541 2121.729004 2115.772705 2111.003662 2109.654541 2114.75708 
2123.39624 2130.146484 2143.98291 2159.994385 2155.846191 2143.384766 2134.858643 2132.789307 2127.519287 2124.886719 
2125.608643 2130.300049 2138.837891 2146.02002 2151.967773 2136.111816 2120.278564 2118.914551 2116.481201 2115.061523 
2115.230225 2116.40625 2122.249512 2123.245605 2118.682617 2118.733887 2121.935791 2125.309814 2118.287109 2106.890381 
2096.57251 2093.00415 2081.388428 2069.593018 2056.994873 2047.657715 2038.924194 2032.068481 2020.783203 2006.408081 
1991.127808 1977.585327 2344.493408 2336.199951 2327.629639 2319.16333 2316.882568 2299.205566 2288.334229 2287.056152 
2281.616455 2263.108887 2241.723389 2232.251221 2225.170898 2209.743408 2195.944092 2186.679443 2185.447266 2166.687988 
2156.25293 2143.000488 2132.936523 2127.516846 2127.549072 2133.010986 2134.616699 2130.343506 2123.331299 2117.570557 
2113.061523 2111.490479 2112.631836 2119.258057 2126.113525 2132.845459 2145.561523 2159.168213 2162.946777 2155.90332 
2143.149414 2135.635986 2132.77002 2128.931396 2129.121338 2132.463379 2139.114014 2145.590576 2150.022461 2135.387695 
2121.501953 2119.72168 2112.926758 2111.999268 2112.516846 2116.982422 2122.258057 2124.787842 2120.758057 2118.811523 
2119.568359 2122.925781 2120.648926 2110.415039 2104.741699 2097.09375 2077.545654 2069.83252 2062.933594 2062.835938 
2050.623291 2033.214722 2025.126465 2013.326172 1996.696777 1988.951538 2343.095459 2337.268555 2330.865234 2329.253662 
2319.015381 2304.715576 2292.385986 2287.867432 2282.454102 2268.508301 2249.348389 2239.681152 2238.833496 2234.80127 
2212.873779 2198.993652 2187.42627 2164.099365 2149.47998 2138.418945 2130.095703 2124.800537 2122.424316 2122.099365 
2122.139404 2126.013916 2120.815186 2116.003662 2112.827881 2112.759766 2117.819336 2124.011963 2129.413574 2137.786865 
2148.281982 2163.322998 2166.904053 2160.831543 2145.965332 2141.36377 2139.94043 2131.936523 2131.986084 2136.106201 
2142.763672 2147.877686 2152.041504 2142.299316 2134.224121 2120.443359 2109.506592 2109.304932 2109.639648 2113.708252 
2121.07251 2125.43335 2121.895264 2117.148193 2113.873535 2116.002197 2116.615479 2116.29834 2111.450928 2102.030029 
2083.290039 2072.483887 2071.594238 2071.979248 2061.72998 2050.718018 2037.336914 2025.504395 2001.850952 1993.958496 
2343.194092 2338.150635 2334.629639 2334.002441 2324.833008 2309.23877 2295.668213 2289.256592 2282.195312 2267.432129 
2252.038086 2247.196533 2245.5354 2240.404297 2223.807861 2206.953125 2186.405273 2164.001465 2149.475342 2137.484375 
2126.841064 2122.201416 2121.055908 2120.549316 2119.76709 2119.821289 2117.644775 2114.405762 2113.585938 2116.289307 
2123.848145 2127.487549 2131.784668 2139.523682 2152.825684 2166.916992 2168.377441 2164.069824 2155.756104 2148.641357 
2149.508301 2137.558105 2137.450439 2139.446777 2147.673584 2153.449951 2155.465332 2144.210938 2132.970703 2120.581543 
2108.969727 2106.19043 2106.809814 2108.904053 2116.006836 2123.251709 2122.798584 2117.309082 2110.370117 2107.305908 
2107.290039 2112.437256 2117.82959 2119.301514 2102.206787 2088.971191 2086.577637 2082.6604 2072.572754 2059.856445 
2043.565308 2022.06665 2007.970215 1997.583252 2344.66626 2340.01001 2335.523926 2332.828369 2327.991699 2311.704834 
2299.003418 2290.416748 2283.961426 2271.707764 2260.794678 2256.352051 2250.392578 2241.046875 2227.890869 2208.202393 
2188.310547 2167.430176 2153.011475 2134.481201 2122.508057 2121.5625 2120.566406 2119.72168 2119.196045 2118.36499 
2116.418945 2114.689941 2114.736572 2118.978027 2125.353516 2132.385742 2134.643311 2142.557129 2157.781006 2176.215332 
2173.184814 2169.972412 2160.985596 2157.980225 2153.062988 2143.644043 2143.58667 2145.592041 2149.240234 2150.375732 
2147.120361 2141.717285 2131.748047 2117.744873 2109.731934 2105.553955 2105.514893 2106.845459 2110.599121 2116.676758 
2118.111816 2115.162598 2110.780762 2098.128418 2098.271729 2109.248291 2118.135986 2124.338135 2123.376953 2119.659424 
2119.602783 2097.466309 2068.169678 2052.877686 2038.9104 2022.297852 2008.639526 1994.990845 2342.395264 2339.003906 
2335.333252 2329.799805 2321.884766 2311.625488 2304.145996 2293.605713 2288.092285 2279.125977 2269.790771 2262.992188 
2254.334473 2245.44043 2227.607178 2208.336182 2189.029053 2165.421387 2144.568848 2130.937012 2122.47876 2121.625244 
2121.086426 2120.1604 2119.371582 2118.054199 2116.119873 2115.797607 2115.893311 2119.390137 2125.506592 2133.71167 
2140.178711 2147.34375 2160.045654 2180.164307 2183.701416 2179.929932 2174.366455 2170.039062 2157.4646 2151.19873 
2150.637451 2151.49585 2149.603027 2146.019043 2142.334229 2138.682129 2131.762939 2117.788818 2109.673828 2105.405029 
2104.42627 2103.114014 2105.143066 2108.759033 2109.801514 2110.398682 2104.582275 2096.201416 2096.025635 2104.375732 
2113.565674 2122.341553 2128.570801 2128.9375 2121.235596 2095.171387 2066.536133 2052.228516 2038.903687 2023.747314 
2009.740967 1997.334229 2341.978027 2339.235596 2336.716064 2331.528564 2326.286621 2321.682129 2315.744385 2303.061279 
2297.386475 2290.620361 2279.357666 2268.816895 2266.053711 2247.029785 2230.067383 2210.582275 2178.688965 2150.905518 
2135.772461 2124.245605 2118.971436 2118.169922 2118.497314 2120.630371 2122.081055 2117.924805 2116.804443 2116.688232 
2117.005127 2119.791748 2127.013916 2136.372314 2144.949951 2152.8479 2166.756104 2183.139648 2182.984131 2183.397217 
2179.919922 2170.061035 2164.022949 2160.668213 2158.012695 2153.258301 2148.017334 2142.916016 2137.439453 2133.599365 
2132.928467 2120.421143 2110.705566 2107.229736 2101.077393 2099.02124 2098.700439 2100.739014 2101.572021 2103.890625 
2099.320068 2091.159424 2090.063477 2094.798828 2104.499512 2118.947266 2126.337646 2123.728516 2120.737305 2107.77002 
2078.091064 2057.134277 2045.245972 2037.766479 2015.222168 2003.405029 2345.012451 2341.066162 2339.383789 2337.893555 
2334.762207 2332.473877 2326.619629 2320.084229 2318.511963 2309.243408 2280.582764 2256.033447 2238.110596 2226.777832 
2215.946045 2190.782715 2159.931885 2132.717773 2123.635742 2118.602783 2117.803955 2117.803955 2117.803955 2117.803955 
2117.803955 2117.803955 2117.759277 2117.686035 2117.811768 2119.824463 2129.334473 2143.299316 2155.299316 2166.739746 
2183.584717 2184.716797 2174.768066 2174.680664 2166.125 2160.760254 2160.72168 2162.02002 2160.5271 2153.662109 
2146.255615 2140.334717 2134.327637 2130.038818 2126.60498 2121.289551 2113.02832 2107.020752 2100.561279 2095.088867 
2094.356934 2094.681396 2095.819092 2098.448486 2091.577148 2082.746338 2082.643555 2086.175293 2096.776367 2113.427979 
2120.14502 2120.6875 2114.785889 2107.453613 2094.199219 2068.88501 2055.662842 2041.67395 2026.802734 2016.990967 
2359.721436 2346.878662 2343.720947 2344.5354 2342.247314 2335.480957 2332.753174 2318.18335 2289.048828 2263.967285 
2231.45166 2207.093262 2200.03125 2194.114746 2180.11499 2160.855713 2134.617432 2118.776611 2117.803955 2117.803955 
2117.803955 2117.803955 2117.803955 2117.803955 2117.803955 2117.803955 2117.803955 2117.803955 2117.803955 2120.559814 
2139.726074 2156.433594 2169.46167 2184.233398 2192.177734 2183.179443 2170.598633 2158.956055 2150.105957 2145.98999 
2145.980713 2149.515869 2153.921875 2150.461182 2144.57373 2138.094238 2132.036621 2126.516113 2122.300049 2117.774902 
2114.083984 2108.426514 2101.884277 2095.05957 2089.011475 2089.158447 2090.768311 2093.627686 2087.165039 2077.607422 
2075.716064 2076.405762 2083.538574 2096.723633 2108.458252 2111.600342 2114.671631 2107.376953 2100.337158 2077.088623 
2058.932373 2046.491455 2038.588989 2028.566772 2360.915039 2349.202393 2324.264893 2310.689697 2300.408203 2290.217285 
2275.572754 2270.769531 2236.838379 2212.422607 2181.745117 2162.564941 2159.645996 2151.559326 2132.562256 2121.867676 
2117.803955 2117.803955 2117.803955 2117.803955 2117.803955 2117.803955 2117.803955 2117.803955 2117.803955 2117.803955 
2117.803955 2117.803955 2117.803955 2123.92041 2148.019043 2166.380127 2185.483643 2195.47876 2192.92627 2181.047363 
2171.421875 2157.280029 2146.563965 2138.674316 2132.459473 2133.78418 2139.896729 2141.390381 2139.022217 2135.025391 
2128.04541 2123.034424 2116.967041 2112.703369 2109.679443 2107.822998 2103.753418 2096.730225 2086.123047 2083.881836 
2083.881836 2083.881836 2083.881836 2086.45459 2089.505615 2087.185791 2077.342773 2070.717041 2070.549805 2075.400391 
2080.880859 2091.913818 2102.400146 2110.639404 2111.354736 2105.935059 2090.29248 2065.74585 2048.380615 2035.958984 
2025.133911 2311.336914 2294.716064 2276.371094 2257.861572 2248.676758 2230.931641 2205.933105 2202.147461 2177.13623 
2154.348633 2138.556641 2123.038574 2118.355713 2117.803955 2117.803955 2117.803955 2117.803955 2117.803955 2117.803955 
2117.803955 2117.803955 2117.803955 2117.803955 2117.803955 2117.803955 2117.803955 2117.803955 2117.803955 2119.605469 
2136.504395 2161.537354 2184.850098 2203.129639 2199.399902 2183.290771 2176.4021 2162.424072 2156.354736 2151.058105 
2146.232178 2131.001465 2124.68042 2123.632812 2122.298584 2126.922363 2127.530762 2122.5896 2116.030273 2110.157715 
2108.521729 2106.61377 2104.539307 2102.721924 2099.552734 2087.144775 2087.144775 2087.144775 2087.144775 2079.351318 
2079.351318 2079.351318 2079.351318 2079.351318 2079.351318 2079.351318 2079.351318 2079.351318 2079.351318 2079.351318 
2079.351318 2079.351318 2079.351318 2079.351318 2079.351318 2082.042236 2082.042236 2082.042236 2082.042236 2086.331055 
2080.116455 2068.073975 2064.678955 2063.12207 2063.633301 2067.528809 2077.162842 2091.729004 2101.818848 2103.520264 
2097.765137 2090.417236 2068.082764 2047.699951 2035.376953 2023.680298 2266.687744 2243.297607 2222.16333 2205.155762 
2193.538086 2177.572266 2156.344482 2145.352783 2127.570068 2117.86377 2117.803955 2117.803955 2117.803955 2117.803955 
2117.803955 2117.803955 2117.803955 2117.803955 2117.803955 2117.803955 2117.803955 2117.803955 2117.803955 2117.803955 
2117.803955 2117.803955 2117.803955 2117.803955 2134.544922 2166.983643 2190.669678 2206.9729 2206.858643 2191.025879 
2179.464844 2172.321533 2161.290527 2156.187012 2152.141602 2145.727051 2133.158447 2122.708008 2110.421631 2103.518555 
2108.27832 2118.454346 2113.460449 2108.42041 2104.659912 2102.874023 2102.234131 2102.365479 2100.876465 2096.914062 
2089.221436 2075.510254 2075.510254 2075.510254 2075.510254 2075.510254 2075.510254 2075.510254 2075.510254 2075.510254 
2075.510254 2073.806641 2073.806641 2073.806641 2073.806641 2073.806641 2073.806641 2073.806641 2073.806641 2073.806641 
2073.806641 2073.806641 2073.806641 2073.806641 2074.501709 2074.501709 2074.501709 2074.501709 2067.328857 2059.667236 
2059.440186 2057.308594 2056.984375 2056.984375 2063.394043 2078.203857 2090.333252 2097.111816 2089.689453 2081.875977 
2067.315674 2045.880737 2033.678589 2024.744263 2218.067627 2195.26123 2179.286133 2163.461914 2149.763672 2131.037109 
2117.855957 2117.803955 2117.803955 2117.803955 2117.803955 2117.803955 2117.803955 2117.803955 2117.803955 2117.803955 
2117.803955 2117.803955 2117.803955 2117.803955 2117.803955 2117.803955 2117.803955 2117.803955 2117.803955 2117.803955 
2121.03833 2144.211914 2175.287598 2200.77124 2214.870117 2207.564209 2205.008789 2189.232422 2178.408691 2169.817627 
2160.391357 2156.317871 2151.529785 2144.256104 2133.46875 2126.586426 2109.791748 2087.168213 2090.668457 2105.590332 
2103.974854 2101.88623 2098.498291 2096.642578 2097.012451 2098.260498 2099.265625 2093.287109 2084.38501 2074.083008 
2074.083008 2074.083008 2074.083008 2062.974121 2062.974121 2062.974121 2062.974121 2062.974121 2062.974121 2062.974121 
2062.974121 2062.974121 2062.974121 2062.974121 2062.974121 2062.974121 2061.590088 2061.590088 2061.590088 2061.590088 
2061.590088 2061.590088 2061.590088 2059.430664 2054.871094 2054.871094 2054.871094 2054.871094 2055.416748 2055.416748 
2055.416748 2055.416748 2056.654541 2056.984375 2056.984375 2056.984375 2067.809082 2082.438721 2095.05542 2088.763916 
2079.493896 2065.015869 2044.85498 2033.705078 2025.605469 2182.151611 2161.225098 2147.548828 2131.148926 2118.009277 
2117.803955 2117.803955 2117.803955 2117.803955 2117.803955 2117.803955 2117.803955 2117.803955 2117.803955 2117.803955 
2117.803955 2117.803955 2117.803955 2117.803955 2117.803955 2117.803955 2117.803955 2117.803955 2117.803955 2117.803955 
2124.292236 2145.807129 2178.175781 2201.308838 2217.672852 2218.194824 2211.987549 2211.76709 2194.653076 2188.639893 
2181.182129 2172.753662 2159.427002 2150.139404 2144.786621 2136.490723 2128.994629 2103.906982 2075.632324 2075.632324 
2075.632324 2075.632324 2075.632324 2075.632324 2075.632324 2075.078125 2075.078125 2075.078125 2075.078125 2075.078125 
2075.078125 2075.078125 2091.454102 2094.517578 2093.151611 2090.766846 2090.485596 2092.041748 2095.058594 2094.63208 
2086.116943 2079.224609 2071.019287 2061.645752 2061.645752 2061.645752 2061.645752 2061.645752 2061.645752 2061.645752 
2054.118652 2054.118652 2054.118652 2054.118652 2054.118652 2054.118652 2054.118652 2054.118652 2054.118652 2054.118652 
2054.118652 2054.118652 2054.118652 2054.118652 2054.118652 2054.118652 2052.367676 2052.367676 2052.367676 2052.367676 
2052.367676 2052.367676 2052.367676 2053.353516 2053.353516 2053.353516 2053.353516 2053.353516 2053.353516 2053.353516 
2053.353516 2053.353516 2053.353516 2054.592773 2054.592773 2054.592773 2054.592773 2054.592773 2054.592773 2054.592773 
2054.592773 2054.592773 2054.592773 2054.592773 2054.592773 2054.592773 2055.991943 2055.991943 2055.991943 2055.991943 
2056.984375 2056.984375 2056.984375 2065.955322 2082.758545 2098.900146 2090.523193 2079.443359 2063.199219 2044.618652 
2033.836426 2027.473755 2156.071777 2139.600586 2125.337402 2117.804688 2117.803955 2117.803955 2117.803955 2117.803955 
2117.803955 2117.803955 2117.803955 2117.803955 2117.803955 2117.803955 2117.803955 2117.803955 2117.803955 2117.803955 
2117.803955 2117.803955 2117.803955 2117.803955 2117.803955 2117.807861 2129.349609 2149.404297 2175.569824 2191.787842 
2206.827148 2226.077393 2219.920898 2224.735596 2222.469727 2204.184814 2186.042725 2171.593994 2159.096924 2146.183838 
2135.613037 2126.833008 2113.218994 2105.956787 2090.299072 2067.700684 2067.700684 2067.700684 2067.700684 2067.700684 
2067.700684 2067.700684 2064.339844 2064.339844 2064.339844 2064.339844 2064.339844 2064.339844 2064.339844 2064.339844 
2064.339844 2064.339844 2074.709473 2082.852539 2082.485352 2082.861084 2083.479736 2086.669189 2091.730957 2087.220459 
2081.69873 2076.088867 2069.731689 2061.638672 2052.123291 2052.123291 2052.123291 2052.123291 2052.123291 2052.123291 
2052.123291 2049.37915 2049.37915 2049.37915 2049.37915 2049.37915 2049.37915 2049.37915 2049.37915 2049.37915 
2049.37915 2049.37915 2049.37915 2049.37915 2050.594482 2050.594482 2050.594482 2050.594482 2050.594482 2050.594482 
2050.594482 2050.594482 2050.594482 2050.594482 2050.594482 2050.594482 2050.594482 2050.594482 2050.594482 2050.594482 
2053.397461 2053.397461 2053.397461 2053.397461 2060.655029 2063.278809 2064.966553 2062.935059 2066.587646 2079.535889 
2093.679932 2096.240479 2081.197754 2066.758789 2045.779907 2034.484985 2030.568848 2134.952637 2118.400146 2117.803955 
2117.803955 2117.803955 2117.803955 2117.803955 2117.803955 2117.803955 2117.803955 2117.803955 2117.803955 2117.803955 
2117.803955 2117.803955 2117.803955 2117.803955 2117.803955 2117.803955 2117.803955 2117.803955 2117.803955 2117.803955 
2133.583008 2157.557373 2176.882812 2195.380127 2211.180176 2230.932861 2230.612549 2238.059814 2223.095703 2206.594727 
2189.989258 2174.260986 2161.165283 2153.560791 2142.793945 2128.331299 2112.576904 2092.740479 2079.634766 2066.308594 
2056.320557 2056.320557 2056.320557 2056.320557 2052.912354 2052.912354 2052.912354 2052.912354 2052.912354 2052.912354 
2052.912354 2052.912354 2052.912354 2052.912354 2060.331055 2071.426758 2071.936523 2073.196777 2076.969971 2084.51709 
2088.349609 2085.531738 2075.333252 2071.604248 2067.700928 2062.648682 2052.12207 2052.12207 2052.12207 2052.12207 
2045.769897 2045.769897 2045.769897 2045.769897 2045.769897 2045.769897 2045.769897 2045.769897 2045.769897 2045.769897 
2045.769897 2045.769897 2045.769897 2045.768555 2045.768555 2045.768555 2045.768555 2045.768555 2045.768555 2045.768555 
2051.401855 2058.973633 2066.506836 2072.970947 2073.837891 2073.017578 2077.099854 2084.958496 2101.200928 2087.848877 
2068.843994 2052.868164 2037.706421 2034.026855 2117.811279 2117.803955 2117.803955 2117.803955 2117.803955 2117.803955 
2117.803955 2117.803955 2117.803955 2117.803955 2117.803955 2117.803955 2117.803955 2117.803955 2117.803955 2117.803955 
2117.803955 2117.803955 2117.803955 2117.803955 2117.803955 2121.222168 2140.658691 2165.533447 2192.002197 2210.128418 
2233.610107 2238.177246 2242.452881 2235.559814 2220.045654 2205.364014 2187.548096 2172.994873 2157.1604 2147.31543 
2138.456787 2128.539307 2118.690918 2108.452148 2090.206787 2071.59375 2058.014648 2049.610352 2049.610352 2049.610352 
2049.610352 2043.304932 2043.304932 2043.304932 2043.304932 2043.304932 2043.304932 2043.304932 2043.304932 2043.304932 
2043.304932 2043.304932 2043.304932 2043.304932 2048.884277 2048.884277 2048.884277 2048.884277 2058.02124 2058.761719 
2061.267334 2074.115479 2079.76416 2084.574951 2085.629883 2073.68335 2069.32959 2066.599365 2062.493896 2049.185059 
2045.708984 2045.708984 2045.708984 2045.708984 2045.708984 2045.708984 2045.708984 2045.708984 2045.708984 2045.708984 
2045.521729 2045.521729 2045.521729 2045.521729 2045.521729 2045.521729 2045.521729 2045.521729 2045.521729 2045.521729 
2045.521729 2045.521729 2045.521729 2045.68396 2045.68396 2045.68396 2045.68396 2052.919678 2063.103027 2074.206055 
2080.503174 2070.06958 2069.833252 2074.775635 2087.666992 2082.599365 2071.462402 2060.937744 2051.102295 2036.38562 
2117.803955 2117.803955 2117.803955 2117.803955 2117.803955 2117.803955 2117.803955 2117.803955 2117.803955 2117.803955 
2117.803955 2117.803955 2117.803955 2117.803955 2117.803955 2117.803955 2117.803955 2117.803955 2117.803955 2117.803955 
2132.828613 2157.273926 2178.98877 2200.97583 2229.478027 2248.308105 2242.544189 2236.531494 2229.267578 2214.975342 
2199.510742 2186.078125 2170.309082 2152.87207 2140.368652 2128.271729 2119.824463 2112.900146 2102.917969 2095.969238 
2089.474365 2071.075928 2054.039795 2041.638062 2041.638062 2041.638062 2041.638062 2034.81189 2034.81189 2034.81189 
2034.81189 2034.81189 2034.81189 2034.81189 2034.81189 2034.81189 2034.81189 2034.81189 2034.81189 2034.81189 
2036.97168 2036.97168 2036.97168 2036.97168 2045.588745 2046.120483 2049.566895 2066.961426 2073.958252 2076.887451 
2081.369385 2071.860107 2064.2771 2063.598389 2062.994629 2049.169189 2045.708984 2045.708984 2045.708984 2045.708984 
2044.741333 2044.741333 2044.741333 2044.741333 2044.741333 2044.741333 2044.741333 2044.741333 2044.741333 2044.741333 
2044.639893 2044.639893 2044.639893 2044.639893 2044.639893 2044.639893 2044.639893 2044.639893 2044.639893 2044.639893 
2044.639893 2044.639893 2044.639893 2044.639893 2044.639893 2044.639893 2044.675781 2044.675781 2044.675781 2044.675781 
2044.675781 2044.675781 2044.675781 2055.478516 2068.848389 2081.581787 2061.218018 2056.686768 2057.20459 2063.213867 
2068.579102 2060.690918 2053.197266 2044.877686 2034.206055 2117.803955 2117.803955 2117.803955 2117.803955 2117.803955 
2117.803955 2117.803955 2117.803955 2117.803955 2117.803955 2117.803955 2117.803955 2117.803955 2117.803955 2117.803955 
2117.803955 2117.803955 2117.811035 2124.827148 2142.89624 2166.725586 2190.924316 2212.122803 2233.899414 2255.999512 
2233.55542 2207.817383 2205.078613 2202.695557 2192.514404 2180.255859 2167.490723 2151.970459 2134.099365 2118.549805 
2108.245117 2102.306396 2096.444336 2085.941162 2081.021973 2079.50708 2071.975098 2054.125732 2037.67688 2029.374268 
2029.374268 2029.374268 2029.374268 2029.374268 2029.374268 2029.374268 2029.374268 2029.374268 2029.374268 2026.981079 
2026.981079 2026.981079 2026.981079 2026.981079 2026.981079 2026.981079 2026.981079 2026.981079 2026.981079 2026.981079 
2026.981079 2026.981079 2030.290894 2030.290894 2030.290894 2030.290894 2032.647461 2040.194946 2056.192139 2065.681641 
2069.862793 2074.125488 2066.326904 2058.851562 2058.818848 2059.171143 2057.292236 2048.727295 2047.440796 2043.838135 
2043.838135 2043.838135 2043.838135 2043.838135 2043.838135 2043.838135 2042.533447 2042.533447 2042.533447 2042.533447 
2042.533447 2042.533447 2042.533447 2042.533447 2042.533447 2042.533447 2042.533447 2042.533447 2042.533447 2047.302734 
2047.302734 2047.302734 2047.302734 2057.625977 2065.121094 2051.695068 2039.137573 2036.645386 2036.464478 2050.623047 
2051.35791 2044.797607 2038.781372 2033.843994 2117.803955 2117.803955 2117.803955 2117.803955 2117.803955 2117.803955 
2117.803955 2117.803955 2117.803955 2117.803955 2117.803955 2117.803955 2117.803955 2117.803955 2118.105713 2127.347656 
2130.501953 2139.493896 2158.88208 2180.141846 2208.605225 2229.385498 2258.145264 2251.50415 2232.814941 2210.6604 
2182.428955 2174.881104 2178.477783 2172.483398 2160.380859 2148.129639 2127.05835 2109.32666 2099.987061 2092.815186 
2084.956543 2077.201904 2070.09082 2068.244141 2068.401855 2064.86792 2053.984619 2037.356079 2029.211914 2029.211914 
2029.211914 2029.211914 2020.69458 2020.69458 2020.69458 2020.69458 2020.69458 2020.69458 2020.69458 2020.69458 
2020.69458 2020.69458 2020.69458 2020.69458 2020.69458 2020.098511 2020.098511 2020.098511 2020.098511 2020.098511 
2020.098511 2020.098511 2022.486572 2030.688232 2044.700073 2059.398682 2063.243408 2064.266846 2059.419189 2053.846436 
2052.117676 2052.615479 2053.157227 2057.46875 2050.342529 2046.956909 2046.956909 2046.956909 2046.956909 2040.941528 
2040.941528 2040.941528 2040.941528 2040.941528 2040.941528 2040.941528 2040.941528 2040.941528 2040.941528 2040.941528 
2040.941528 2040.941528 2041.177979 2041.177979 2041.177979 2041.177979 2047.339844 2053.004639 2047.207764 2034.142944 
2032.145752 2032.721924 2035.492676 2040.650513 2036.807739 2036.321411 2035.664185 2117.803955 2117.803955 2117.803955 
2117.803955 2117.803955 2117.803955 2117.803955 2117.803955 2117.803955 2117.803955 2117.803955 2118.082764 2118.550293 
2128.42749 2139.378662 2150.880371 2165.043701 2182.479248 2198.533447 2225.879395 2245.627441 2274.166504 2247.867188 
2226.288086 2208.453613 2191.429199 2170.616699 2162.701416 2161.528564 2155.192871 2143.193848 2126.687988 2109.835938 
2094.869629 2084.816162 2075.724854 2067.381104 2061.202393 2056.60498 2056.222656 2057.253662 2058.066162 2053.033203 
2042.721558 2032.078491 2018.393188 2018.393188 2018.393188 2018.393188 2018.393188 2018.393188 2018.393188 2014.112305 
2014.112305 2014.112305 2014.112305 2014.112305 2014.112305 2014.112305 2014.112305 2014.112305 2014.112305 2014.112305 
2014.112305 2014.112305 2016.027832 2016.027832 2016.027832 2016.027832 2023.312378 2035.430786 2048.651855 2053.400391 
2053.999023 2052.785645 2048.914551 2045.819092 2046.031494 2046.481323 2053.680176 2053.773438 2049.876221 2035.808472 
2035.808472 2035.808472 2035.808472 2035.808472 2035.808472 2035.808472 2035.808472 2035.808472 2035.808472 2035.235474 
2035.235474 2035.235474 2035.235474 2035.235474 2035.235474 2035.235474 2039.717651 2045.013428 2043.170166 2033.664795 
2027.50293 2026.992188 2029.4552 2033.77771 2036.280762 2036.321411 2036.53418 2117.803955 2117.803955 2117.803955 
2117.803955 2117.803955 2117.803955 2117.803955 2117.803955 2119.61377 2127.084473 2132.844238 2138.337158 2148.818848 
2159.858154 2170.929443 2189.801758 2209.620605 2231.666748 2246.538086 2269.611816 2265.769775 2247.834473 2220.826172 
2202.394287 2189.416748 2175.72583 2163.89502 2154.439941 2145.57959 2138.678711 2126.602295 2111.171631 2096.611572 
2082.35791 2070.729004 2063.339844 2053.957764 2047.017822 2044.265991 2044.373657 2046.299805 2047.520386 2048.185303 
2043.052979 2034.648193 2020.518066 2020.518066 2020.518066 2020.518066 2008.669556 2008.669556 2008.669556 2008.669556 
2008.669556 2008.669556 2008.669556 2008.669556 2008.669556 2008.669556 2008.669556 2008.669556 2008.669556 2008.261963 
2008.261963 2008.261963 2008.261963 2008.261963 2008.261963 2008.261963 2015.214844 2028.299438 2037.922729 2040.922363 
2043.279053 2044.489502 2041.206177 2038.565063 2037.908936 2038.96814 2048.857422 2054.678223 2049.946289 2035.324951 
2035.324951 2035.324951 2035.324951 2035.324951 2035.324951 2035.324951 2028.644653 2028.644653 2028.644653 2028.644653 
2028.644653 2028.644653 2028.644653 2028.644653 2028.644653 2028.644653 2033.338623 2039.832642 2039.171509 2034.251099 
2024.137817 2023.412109 2026.322388 2032.703613 2036.397827 2037.075928 2038.052246 2117.803955 2117.803955 2117.803955 
2117.803955 2117.803955 2117.803955 2117.803955 2129.342041 2147.769043 2153.317139 2160.20752 2171.493408 2183.908203 
2199.09082 2216.200195 2238.876953 2259.514893 2290.937256 2294.007568 2262.958496 2243.19043 2220.254639 2196.100098 
2183.490723 2171.986816 2161.248779 2152.227539 2146.455322 2138.437744 2124.080566 2115.100586 2103.089355 2086.909668 
2069.844727 2058.913818 2051.546631 2043.33374 2036.395264 2034.700928 2034.715332 2035.922241 2037.533691 2039.940918 
2036.740112 2030.127686 2019.166626 2004.130493 2004.130493 2004.130493 2004.130493 2004.130493 2004.130493 2004.130493 
2003.091553 2003.091553 2003.091553 2003.091553 2003.091553 2003.091553 2003.091553 2003.091553 2003.091553 2003.091553 
2011.062866 2025.670166 2026.494995 2028.572144 2031.37207 2036.238892 2036.901978 2030.284424 2030.028564 2033.255249 
2043.358276 2048.665283 2043.79187 2035.616211 2035.616211 2035.616211 2035.616211 2020.985596 2020.985596 2020.985596 
2020.985596 2020.985596 2020.985596 2020.985596 2020.985596 2020.985596 2020.985596 2020.985596 2020.985596 2020.985596 
2020.985596 2020.985596 2020.985596 2022.119141 2022.119141 2022.119141 2022.119141 2032.252441 2034.371094 2028.489868 
2022.620239 2022.05957 2024.608887 2032.727051 2038.653687 2036.529907 2026.556152 2117.803955 2117.803955 2117.803955 
2117.803955 2117.803955 2117.869629 2140.78833 2162.644043 2176.078125 2182.444092 2193.099365 2208.366943 2229.508057 
2246.632812 2270.410645 2288.539795 2302.473633 2300.77124 2277.430908 2244.447266 2214.94165 2196.113037 2179.781982 
2168.811768 2159.835938 2149.939697 2140.444092 2133.69043 2127.662109 2113.066895 2106.593262 2098.458984 2082.547363 
2063.561523 2051.931396 2044.598511 2037.750854 2030.892334 2027.681519 2026.115234 2027.26416 2028.231201 2031.326538 
2030.785767 2026.404297 2015.081787 2000.336426 2000.336426 2000.336426 2000.336426 1998.448853 1998.448853 1998.448853 
1998.448853 1998.448853 1998.448853 1998.448853 1998.448853 1998.448853 1998.448853 2000.646729 2015.571533 2014.946777 
2017.610962 2020.643311 2028.020264 2027.95752 2021.190918 2021.070068 2027.477661 2037.348877 2041.192017 2035.865845 
2030.994751 2012.193604 2012.193604 2012.193604 2012.193604 2012.193604 2012.193604 2012.193604 2012.193604 2012.193604 
2012.193604 2009.998291 2009.998291 2009.998291 2009.998291 2009.998291 2009.998291 2009.998291 2009.998291 2009.998291 
2009.998291 2014.211304 2026.985107 2025.506348 2021.071777 2020.822144 2022.586792 2029.515137 2037.125732 2022.860596 
2000.804932 2117.803955 2117.803955 2117.803955 2117.803955 2120.819824 2146.731445 2175.298584 2200.425537 2209.88916 
2213.763184 2229.293457 2249.280029 2287.388916 2311.727051 2330.587158 2327.432617 2302.864014 2284.243652 2263.366455 
2234.30249 2203.470703 2175.025879 2165.530273 2156.999023 2148.070312 2139.120605 2130.898682 2123.620361 2119.218262 
2110.782227 2100.220703 2090.736084 2075.663086 2059.394043 2046.153076 2037.096191 2037.096191 2037.096191 2037.096191 
2031.287476 2031.287476 2031.287476 2031.287476 2031.287476 2031.287476 2031.287476 2031.287476 2031.287476 2031.287476 
2026.781372 2026.781372 2026.781372 2026.781372 2026.781372 2026.781372 2026.781372 2026.781372 2026.781372 2026.781372 
2022.952515 2022.952515 2022.952515 2022.952515 2022.952515 2022.952515 2022.952515 2022.952515 2022.952515 2022.952515 
2020.250732 2020.250732 2020.250732 2020.250732 2020.250732 2020.250732 2020.250732 2020.250732 2020.250732 2020.250732 
2020.129517 2020.129517 2020.129517 2020.129517 2020.682617 2023.230103 2023.694824 2022.064819 2013.633789 1998.839478 
1998.839478 1998.839478 1998.839478 1994.340332 1994.340332 1994.340332 1994.340332 1994.340332 1994.340332 1994.340332 
1994.340332 1994.340332 1994.340332 1994.340332 1994.340332 1994.340332 1994.340332 1994.340332 1994.340332 1994.712646 
1994.712646 1994.712646 1994.712646 1997.661133 1999.110474 2004.412109 2008.744507 2015.583496 2014.244751 2009.600464 
2009.706665 2018.541504 2028.372314 2033.885498 2029.032349 2025.910156 2008.653442 2008.653442 2008.653442 2008.653442 
2003.05896 2003.05896 2003.05896 2003.05896 2003.05896 2003.05896 2003.05896 2003.05896 2003.05896 2003.05896 
2012.731567 2023.906128 2023.497437 2018.564575 2016.512451 2018.07605 2022.82959 2021.124268 2003.874268 1973.289673 
2117.803955 2117.803955 2117.803955 2134.257568 2159.94043 2186.917236 2221.850098 2248.767578 2242.198486 2248.134033 
2265.499023 2295.902832 2335.837891 2355.072754 2355.082275 2310.230957 2291.509277 2274.493652 2253.956055 2225.810547 
2195.900146 2168.59082 2154.325195 2146.165771 2137.601318 2130.056396 2122.234375 2116.676758 2111.866699 2104.136475 
2099.405762 2085.707764 2067.018311 2055.195801 2043.714233 2043.714233 2043.714233 2043.714233 2043.714233 2043.714233 
2043.714233 2035.848877 2035.848877 2035.848877 2035.848877 2035.848877 2035.848877 2035.848877 2035.848877 2035.848877 
2035.848877 2035.848877 2035.848877 2035.848877 2035.848877 2035.848877 2035.848877 2033.249268 2033.249268 2033.249268 
2033.249268 2033.249268 2033.249268 2033.249268 2033.249268 2033.249268 2033.249268 2029.494751 2029.494751 2029.494751 
2029.494751 2023.615845 2023.615845 2023.615845 2023.615845 2019.293823 2019.293823 2019.293823 2019.293823 2019.293823 
2019.293823 2019.293823 2019.293823 2019.293823 2019.293823 2014.543457 2014.543457 2014.543457 2014.543457 2014.543457 
2014.543457 2014.543457 2014.543457 2014.543457 2014.543457 2014.543457 2014.543457 2014.543457 2014.543457 2014.543457 
2014.543457 2012.995605 2012.995605 2012.995605 2012.995605 2012.995605 2012.995605 2012.995605 2010.602295 2010.602295 
2010.602295 2010.602295 2010.200073 2010.200073 2010.200073 2010.200073 2014.497925 2009.879761 1999.057983 1991.011841 
1991.011841 1991.011841 1991.011841 1991.011841 1991.011841 1991.011841 1991.011841 1991.011841 1991.011841 1988.058838 
1988.058838 1988.058838 1988.058838 1988.058838 1988.058838 1988.058838 1988.058838 1988.058838 1988.058838 1988.058838 
1988.058838 1988.058838 1987.334106 1987.334106 1987.334106 1987.334106 1988.127319 1988.919556 1992.906982 1998.17334 
1997.236328 1995.912476 1998.730347 2007.568604 2015.645752 2019.665405 2017.260864 2012.025391 1990.113281 1990.113281 
1990.113281 1990.113281 1990.113281 1990.113281 1990.113281 1990.113281 1990.113281 1990.113281 1993.134766 1993.134766 
1993.134766 1993.134766 1993.134766 1993.134766 1993.134766 1993.134766 1993.134766 1993.134766 2008.892822 2017.266846 
2019.893799 2015.445923 2010.940674 2011.687256 2013.664795 2002.965698 1972.308228 1953.814209 2117.803955 2121.928467 
2146.538574 2169.953857 2203.840576 2235.320557 2275.850342 2284.923828 2285.459717 2292.334961 2300.458008 2322.722168 
2351.323975 2368.215332 2343.746094 2305.364502 2280.49292 2268.143555 2246.715332 2221.451904 2195.959961 2168.766357 
2150.07959 2139.449951 2130.046143 2121.843994 2114.868164 2109.607178 2103.421387 2095.157715 2084.904785 2070.696533 
2070.696533 2070.696533 2070.696533 2058.690674 2058.690674 2058.690674 2058.690674 2058.690674 2058.690674 2058.690674 
2058.690674 2058.690674 2058.690674 2050.328857 2050.328857 2050.328857 2050.328857 2050.328857 2050.328857 2050.328857 
2050.328857 2050.328857 2050.328857 2043.726929 2043.726929 2043.726929 2043.726929 2043.726929 2043.726929 2043.726929 
2043.726929 2043.726929 2043.726929 2043.726929 2043.726929 2043.726929 2043.726929 2043.726929 2043.726929 2043.549316 
2043.549316 2043.549316 2043.549316 2043.549316 2043.549316 2043.549316 2044.512817 2043.060547 2032.392456 2021.606812 
2014.728638 2014.728638 2014.728638 2014.728638 2014.728638 2014.728638 2014.728638 2009.933472 2009.933472 2009.933472 
2009.933472 2009.933472 2009.933472 2009.933472 2009.933472 2009.933472 2009.933472 2009.933472 2009.933472 2009.933472 
2005.388916 2005.388916 2005.388916 2005.388916 2005.388916 2005.388916 2005.388916 2005.388916 2005.388916 2005.388916 
2005.388916 2005.388916 2005.388916 1999.720215 1999.720215 1999.720215 1999.720215 1999.720215 1999.720215 1999.720215 
1999.720215 1999.720215 1999.720215 1999.720215 1999.720215 1999.720215 1999.720215 1999.720215 1999.720215 1993.720947 
1993.720947 1993.720947 1993.720947 1993.720947 1993.720947 1993.720947 1993.720947 1993.720947 1993.720947 1996.546387 
1996.546387 1996.546387 1996.546387 1991.395752 1991.395752 1991.395752 1991.395752 1989.621582 1989.621582 1989.621582 
1989.621582 1987.427734 1987.427734 1987.427734 1987.427734 1987.427734 1987.427734 1987.427734 1987.427734 1987.427734 
1987.427734 1981.437622 1981.437622 1981.437622 1981.437622 1981.437622 1981.437622 1981.437622 1981.437622 1981.437622 
1981.437622 1981.437622 1981.437622 1981.437622 1981.437622 1981.437622 1981.437622 1980.311768 1980.311768 1980.311768 
1980.311768 1980.311768 1980.311768 1980.311768 1981.612549 1981.675171 1982.491577 1983.022339 1983.208374 1989.694336 
1998.587036 2002.515259 2003.687866 1993.590332 1989.88916 1975.919556 1975.919556 1975.919556 1975.919556 1975.919556 
1975.919556 1975.919556 1975.919556 1975.919556 1975.919556 1979.810669 1979.810669 1979.810669 1979.810669 1990.664917 
2008.008545 2014.897095 2014.100098 2006.706665 2000.131836 2000.026733 1997.567139 1954.295898 1933.344971 2126.083496 
2149.182129 2177.210449 2213.231689 2256.66748 2304.788818 2332.210938 2332.838379 2330.414062 2331.084229 2330.611084 
2337.63623 2363.729492 2351.451172 2336.442871 2305.794434 2271.435791 2255.725586 2236.932617 2214.965332 2196.642822 
2173.449463 2152.16748 2139.949707 2130.051025 2121.275146 2121.275146 2121.275146 2121.275146 2112.087891 2112.087891 
2112.087891 2112.087891 2102.118896 2102.118896 2102.118896 2102.118896 2094.508789 2094.508789 2094.508789 2094.508789 
2085.550049 2085.550049 2085.550049 2085.550049 2076.885986 2076.885986 2076.885986 2076.885986 2076.885986 2076.885986 
2076.885986 2076.885986 2076.885986 2076.885986 2067.437988 2067.437988 2067.437988 2067.437988 2067.437988 2067.437988 
2067.437988 2067.437988 2067.437988 2067.437988 2067.437988 2067.437988 2067.437988 2067.437988 2067.437988 2067.437988 
2060.260254 2060.260254 2060.260254 2060.260254 2060.260254 2060.260254 2060.260254 2060.260254 2060.260254 2060.260254 
2051.034668 2051.034668 2051.034668 2051.034668 2051.034668 2051.034668 2051.034668 2051.034668 2051.034668 2051.034668 
2049.44043 2049.44043 2049.44043 2049.44043 2049.44043 2049.44043 2049.44043 2049.44043 2049.44043 2049.44043 
2059.630371 2068.578125 2069.576904 2046.002319 2026.306763 2018.387085 2018.387085 2018.387085 2018.387085 2013.33252 
2013.33252 2013.33252 2013.33252 2013.33252 2013.33252 2013.33252 2013.33252 2013.33252 2013.33252 2013.33252 
2013.33252 2013.33252 2013.33252 2013.33252 2013.33252 2012.327026 2012.327026 2012.327026 2012.327026 2001.584351 
2001.584351 2001.584351 2001.584351 1991.014771 1991.014771 1991.014771 1991.014771 1991.014771 1991.014771 1991.014771 
1991.014771 1991.014771 1991.014771 1987.026367 1987.026367 1987.026367 1987.026367 1987.026367 1987.026367 1987.026367 
1987.026367 1987.026367 1987.026367 1984.451538 1984.451538 1984.451538 1984.451538 1984.451538 1984.451538 1984.451538 
1984.451538 1984.451538 1984.451538 1984.451538 1984.451538 1984.451538 1984.451538 1984.451538 1984.451538 1981.860962 
1981.860962 1981.860962 1981.860962 1981.860962 1981.860962 1981.860962 1981.860962 1981.860962 1981.860962 1980.983643 
1980.983643 1980.983643 1980.983643 1980.983643 1980.983643 1980.983643 1978.302002 1978.302002 1978.302002 1978.302002 
1978.302002 1978.302002 1978.302002 1975.723511 1975.723511 1975.723511 1975.723511 1975.723511 1975.723511 1975.723511 
1975.723511 1975.723511 1975.723511 1975.723511 1975.723511 1975.723511 1975.723511 1975.723511 1975.723511 1975.557251 
1975.557251 1975.557251 1975.557251 1975.557251 1975.557251 1975.557251 1974.5979 1974.357788 1973.730591 1975.233398 
1982.150146 1989.050049 1986.941528 1986.176514 1979.75354 1974.841187 1966.781006 1966.781006 1966.781006 1966.781006 
1966.781006 1966.781006 1966.781006 1966.781006 1966.781006 1966.781006 1967.84729 1967.84729 1967.84729 1967.84729 
1974.446411 1988.745117 2006.719482 2008.704102 2004.183594 1987.947998 1977.782471 1971.634888 1944.481445 1924.733276 
2155.303711 2184.532715 2221.613525 2255.287354 2306.762207 2368.756836 2395.362549 2376.809326 2371.498047 2357.830811 
2352.397705 2356.630371 2354.9104 2341.57666 2327.49707 2303.987549 2271.051025 2247.786621 2228.230713 2206.575928 
2186.976074 2170.744141 2158.754883 2144.511719 2144.511719 2144.511719 2144.511719 2131.877441 2131.877441 2131.877441 
2131.877441 2121.691895 2121.691895 2121.691895 2121.691895 2121.691895 2121.691895 2121.691895 2121.691895 2121.691895 
2121.691895 2121.691895 2121.691895 2121.691895 2111.900635 2111.900635 2111.900635 2111.900635 2111.900635 2111.900635 
2111.900635 2111.900635 2111.900635 2111.900635 2111.900635 2111.900635 2111.900635 2101.996338 2101.996338 2101.996338 
2101.996338 2101.996338 2101.996338 2101.996338 2101.996338 2101.996338 2101.996338 2092.632812 2092.632812 2092.632812 
2092.632812 2092.632812 2092.632812 2092.632812 2092.632812 2092.632812 2092.632812 2084.347168 2084.347168 2084.347168 
2084.347168 2084.347168 2084.347168 2084.347168 2084.347168 2084.347168 2084.347168 2084.347168 2084.347168 2084.347168 
2084.347168 2084.347168 2084.347168 2078.044189 2078.044189 2078.044189 2078.044189 2078.044189 2078.044189 2078.044189 
2078.044189 2078.044189 2078.044189 2078.044189 2078.044189 2078.044189 2074.222412 2074.222412 2074.222412 2074.222412 
2064.113525 2056.900879 2056.900879 2056.900879 2056.900879 2056.900879 2056.900879 2056.900879 2056.900879 2056.900879 
2056.900879 2057.327637 2057.327637 2057.327637 2057.327637 2070.650146 2078.844482 2069.841309 2054.440918 2035.677979 
2022.966187 2022.966187 2022.966187 2022.966187 2022.966187 2022.966187 2022.966187 2022.966187 2022.966187 2022.966187 
2020.544189 2020.544189 2020.544189 2020.544189 2020.544189 2020.544189 2020.544189 2020.544189 2020.544189 2020.544189 
2017.359497 2004.3927 1994.577637 1989.869995 1985.321533 1985.321533 1985.321533 1985.321533 1981.872559 1981.872559 
1981.872559 1981.872559 1981.872559 1981.872559 1981.872559 1978.824341 1978.824341 1978.824341 1978.824341 1978.824341 
1978.824341 1978.824341 1978.824341 1978.824341 1978.824341 1976.199341 1976.199341 1976.199341 1976.199341 1976.199341 
1976.199341 1976.199341 1976.199341 1976.199341 1976.199341 1974.72876 1974.72876 1974.72876 1974.72876 1974.72876 
1974.72876 1974.72876 1974.72876 1974.72876 1974.72876 1974.72876 1974.72876 1974.72876 1974.72876 1974.72876 
1974.72876 1973.626709 1973.626709 1973.626709 1973.626709 1973.626709 1973.626709 1973.626709 1973.626709 1973.626709 
1973.626709 1973.626709 1973.626709 1973.626709 1973.626709 1973.626709 1973.626709 1972.434692 1972.434692 1972.434692 
1972.434692 1972.434692 1972.434692 1972.434692 1972.434692 1972.434692 1972.434692 1971.06897 1971.06897 1971.06897 
1971.06897 1970.119385 1970.119385 1970.119385 1970.119385 1969.970703 1969.970703 1969.970703 1969.970703 1974.985107 
1976.759521 1974.170532 1968.381836 1963.09021 1960.405151 1958.54834 1958.54834 1958.54834 1958.54834 1958.54834 
1958.54834 1958.54834 1958.54834 1958.54834 1958.54834 1958.605225 1958.605225 1958.605225 1958.605225 1962.549561 
1969.209473 1978.208862 1979.778442 1979.156982 1970.706787 1949.471802 1942.842285 1927.223022 1920.864624 2191.339355 
2223.648438 2255.575928 2304.178711 2354.490723 2408.051758 2430.113037 2420.454346 2411.623535 2389.89624 2374.61499 
2363.675049 2347.458496 2335.321045 2321.985107 2299.882812 2270.166748 2252.335205 2229.415283 2206.888916 2187.246338 
2170.407715 2158.587891 2144 2144 2144 2144 2144 2144 2144 2132.164795 
2132.164795 2132.164795 2132.164795 2132.164795 2132.164795 2132.164795 2132.164795 2132.164795 2132.164795 2125.258789 
2125.258789 2125.258789 2125.258789 2125.258789 2125.258789 2125.258789 2125.258789 2125.258789 2125.258789 2117.807373 
2117.807373 2117.807373 2117.807373 2110.826172 2110.826172 2110.826172 2110.826172 2097.896973 2097.896973 2097.896973 
2097.896973 2097.896973 2097.896973 2097.896973 2097.896973 2097.896973 2097.896973 2097.896973 2097.896973 2097.896973 
2091.842529 2091.842529 2091.842529 2091.842529 2091.842529 2091.842529 2091.842529 2091.842529 2091.842529 2091.842529 
2091.842529 2091.842529 2091.842529 2087.119385 2087.119385 2087.119385 2087.119385 2084.751953 2070.822754 2061.699707 
2061.699707 2061.699707 2061.699707 2061.699707 2061.699707 2061.699707 2061.699707 2061.699707 2061.699707 2061.018555 
2061.018555 2061.018555 2061.018555 2069.728516 2078.176025 2061.604492 2052.083984 2041.403198 2028.115234 2028.115234 
2028.115234 2028.115234 2028.115234 2028.115234 2028.115234 2028.115234 2028.115234 2028.115234 2028.027466 2028.027466 
2028.027466 2028.027466 2021.069336 2006.20459 1998.314453 1993.118164 1987.82251 1984.233398 1981.420044 1978.923462 
1975.233032 1975.233032 1975.233032 1975.233032 1973.348877 1973.348877 1973.348877 1973.348877 1973.348877 1973.348877 
1973.348877 1973.348877 1973.348877 1973.348877 1971.924683 1971.924683 1971.924683 1971.924683 1971.924683 1971.924683 
1971.924683 1971.924683 1971.924683 1971.924683 1970.118164 1970.118164 1970.118164 1970.118164 1970.118164 1970.118164 
1970.118164 1970.118164 1970.118164 1970.118164 1967.38562 1967.38562 1967.38562 1967.38562 1967.38562 1967.38562 
1967.38562 1967.38562 1967.38562 1967.38562 1967.38562 1967.38562 1967.38562 1964.935913 1964.935913 1964.935913 
1964.935913 1964.935913 1964.935913 1964.935913 1964.935913 1964.935913 1964.935913 1964.935913 1964.935913 1964.935913 
1964.935913 1964.935913 1964.935913 1961.945801 1961.945801 1961.945801 1961.945801 1961.945801 1961.945801 1961.945801 
1961.945801 1961.945801 1961.945801 1961.326172 1961.326172 1961.326172 1961.326172 1961.326172 1961.326172 1961.326172 
1961.326172 1961.326172 1961.326172 1960.209839 1960.209839 1960.209839 1960.209839 1960.209839 1960.209839 1960.209839 
1960.209839 1960.209839 1960.209839 1959.488281 1959.488281 1959.488281 1959.488281 1959.488281 1959.488281 1959.488281 
1959.488281 1959.488281 1959.488281 1958.526855 1958.526855 1958.526855 1958.526855 1953.016357 1953.016357 1953.016357 
1953.016357 1951.556763 1951.556763 1951.556763 1951.556763 1951.556763 1951.556763 1951.556763 1951.556763 1951.556763 
1951.556763 1948.898804 1948.898804 1948.898804 1948.898804 1948.898804 1948.898804 1948.898804 1948.675049 1950.186401 
1955.399292 1956.765869 1954.686768 1942.887695 1935.364258 1929.52832 1924.03418 1922.859375 2230.260742 2261.174805 
2315.555176 2364.012207 2402.883789 2436.199463 2459.958984 2446.434326 2422.316895 2397.92041 2376.480469 2357.773926 
2342.06543 2332.563721 2319.306641 2299.139893 2276.967285 2256.082031 2234.748047 2219.429199 2198.702148 2177.242432 
2169.875977 2157.233154 2139.806885 2130.371582 2122.876465 2122.876465 2122.876465 2122.876465 2113.019531 2113.019531 
2113.019531 2113.019531 2113.019531 2113.019531 2113.019531 2113.019531 2113.019531 2113.019531 2113.019531 2113.019531 
2113.019531 2106.436768 2106.436768 2106.436768 2106.436768 2106.436768 2106.436768 2106.436768 2106.436768 2106.436768 
2106.436768 2106.436768 2106.436768 2106.436768 2101.778809 2101.778809 2101.778809 2101.778809 2095.538818 2091.374268 
2080.307373 2067.594971 2067.594971 2067.594971 2067.594971 2067.594971 2067.594971 2067.594971 2067.594971 2067.594971 
2067.594971 2067.414551 2067.414551 2067.414551 2067.414551 2070.098145 2079.340088 2062.223633 2052.35791 2041.794067 
2037.192383 2037.192383 2037.192383 2037.192383 2037.192383 2037.192383 2037.192383 2037.192383 2037.192383 2037.192383 
2037.219238 2037.219238 2037.219238 2037.219238 2031.179932 2016.355347 2004.263428 1997.029541 1991.779297 1987.250854 
1985.730713 1983.50293 1979.464722 1975.375977 1974.435181 1973.246094 1969.724976 1969.724976 1969.724976 1969.724976 
1969.724976 1969.724976 1969.724976 1969.724976 1969.724976 1969.724976 1967.522339 1967.522339 1967.522339 1967.522339 
1967.522339 1967.522339 1967.522339 1962.098755 1962.098755 1962.098755 1962.098755 1962.001465 1962.001465 1962.001465 
1962.001465 1960.245972 1960.245972 1960.245972 1960.245972 1959.488281 1959.488281 1959.488281 1959.488281 1959.488281 
1959.488281 1959.488281 1959.488281 1959.488281 1959.488281 1958.50061 1958.50061 1958.50061 1958.50061 1958.50061 
1958.50061 1958.50061 1958.50061 1958.50061 1958.50061 1950.894531 1950.894531 1950.894531 1950.894531 1950.894531 
1950.894531 1950.894531 1950.894531 1950.894531 1950.894531 1950.894531 1950.894531 1950.894531 1950.894531 1950.894531 
1950.894531 1947.364624 1947.364624 1947.364624 1947.364624 1947.364624 1947.364624 1947.364624 1947.364624 1947.364624 
1947.364624 1947.364624 1947.364624 1947.364624 1943.716919 1943.716919 1943.716919 1943.716919 1943.716919 1943.716919 
1943.716919 1943.716919 1943.716919 1943.716919 1943.716919 1943.716919 1943.716919 1943.716919 1943.716919 1943.716919 
1940.334961 1940.334961 1940.334961 1940.334961 1940.334961 1940.334961 1940.334961 1940.334961 1940.334961 1940.334961 
1939.739746 1939.739746 1939.739746 1939.739746 1939.739746 1939.739746 1939.739746 1940.486084 1940.486084 1940.486084 
1940.486084 1939.914062 1937.639404 1937.639404 1937.639404 1937.639404 1932.432129 1932.432129 1932.432129 1932.432129 
1930.234253 1930.234253 1930.234253 1930.234253 1926.35376 1924.561401 1924.894409 2267.559082 2318.191406 2365.496094 
2405.829102 2450.653809 2476.44458 2475.554443 2447.137695 2422.188721 2396.804932 2375.171631 2357.588135 2342.257568 
2332.916992 2317.357666 2302.029297 2285.34668 2270.994629 2243.129639 2222.218506 2199.071533 2185.67041 2182.17627 
2166.085693 2150.447754 2139.310791 2129.323486 2129.323486 2129.323486 2129.323486 2129.323486 2129.323486 2129.323486 
2120.783447 2120.783447 2120.783447 2120.783447 2120.783447 2120.783447 2120.783447 2120.783447 2120.783447 2120.783447 
2120.783447 2120.783447 2120.783447 2114.697266 2114.697266 2114.697266 2114.697266 2107.755859 2100.552979 2098.311768 
2086.969971 2071.000488 2071.000488 2071.000488 2071.000488 2071.000488 2071.000488 2071.000488 2071.000488 2071.000488 
2071.000488 2070.930176 2070.930176 2070.930176 2070.930176 2074.304688 2084.331543 2072.705322 2060.000244 2047.718262 
2045.355225 2045.355225 2045.355225 2045.355225 2045.355225 2045.355225 2045.355225 2045.355225 2045.355225 2045.355225 
2050.974121 2050.974121 2050.974121 2050.974121 2051.405518 2028.052002 2012.988647 2003.130493 1998.274048 1994.174683 
1992.176514 1989.695557 1988.208984 1985.967896 1986.022583 1977.630981 1974.933228 1974.933228 1974.933228 1974.933228 
1974.933228 1974.933228 1974.933228 1974.933228 1974.933228 1974.933228 1975.042969 1975.042969 1975.042969 1975.042969 
1980.255737 1991.403809 1998.052002 1982.908936 1964.091431 1951.807739 1951.807739 1951.807739 1951.807739 1948.452515 
1948.452515 1948.452515 1948.452515 1944.449219 1944.449219 1944.449219 1944.449219 1940.262329 1940.262329 1940.262329 
1940.262329 1940.262329 1940.262329 1940.262329 1938.115356 1938.115356 1938.115356 1938.115356 1938.115356 1938.115356 
1938.115356 1938.115356 1938.115356 1938.115356 1935.992676 1935.992676 1935.992676 1935.992676 1935.992676 1935.992676 
1935.992676 1935.992676 1935.992676 1935.992676 1935.992676 1935.992676 1935.992676 1935.992676 1935.992676 1935.992676 
1934.470215 1934.470215 1934.470215 1934.470215 1934.470215 1934.470215 1934.470215 1934.470215 1934.470215 1934.470215 
1932.651123 1932.651123 1932.651123 1932.651123 1932.651123 1932.651123 1932.651123 1932.651123 1932.651123 1932.651123 
1932.651123 1932.651123 1932.651123 1930.17981 1930.17981 1930.17981 1930.17981 1930.17981 1930.17981 1930.17981 
1930.17981 1930.17981 1930.17981 1930.17981 1930.17981 1930.17981 1928.269043 1928.269043 1928.269043 1928.269043 
1928.269043 1928.269043 1928.269043 1926.557007 1926.654053 1931.643555 2309.574707 2367.471924 2421.17334 2453.648193 
2479.673584 2506.583252 2487.302246 2448.860107 2424.123291 2398.673584 2377.67749 2359.742432 2345.464111 2335.050293 
2326.60791 2312.236328 2297.049805 2271.158936 2248.304932 2228.882324 2209.109375 2206.473633 2203.705811 2183.550049 
2164.75708 2164.75708 2164.75708 2164.75708 2151.295166 2151.295166 2151.295166 2151.295166 2151.295166 2151.295166 
2151.295166 2135.592529 2135.592529 2135.592529 2135.592529 2135.592529 2135.592529 2135.592529 2135.592529 2135.592529 
2135.592529 2135.592529 2135.592529 2135.592529 2135.592529 2135.592529 2135.592529 2130.469971 2130.469971 2130.469971 
2130.469971 2130.469971 2130.469971 2130.469971 2120.819092 2113.04541 2107.125 2102.614258 2090.810059 2090.810059 
2090.810059 2090.810059 2076.658447 2076.658447 2076.658447 2076.658447 2076.658447 2076.658447 2076.658447 2076.658447 
2076.658447 2076.658447 2076.658447 2076.658447 2076.658447 2076.658447 2076.658447 2076.658447 2078.447266 2078.447266 
2078.447266 2078.447266 2088.6604 2094.164795 2089.044189 2074.620605 2057.675781 2054.642822 2054.642822 2054.642822 
2054.642822 2054.642822 2054.642822 2054.642822 2054.642822 2054.642822 2054.642822 2061.410645 2061.410645 2061.410645 
2061.410645 2061.410645 2061.410645 2061.410645 2060.287842 2038.603638 2024.192993 2012.677368 2007.80835 2006.321167 
2002.890015 2001.775024 2005.581299 2002.605225 2005.674438 1991.730591 1980.869141 1980.869141 1980.869141 1980.869141 
1980.869141 1980.869141 1980.869141 1980.869141 1980.869141 1980.869141 1980.471069 1980.471069 1980.471069 1980.471069 
1989.574341 2003.570557 2009.928467 2012.635864 1993.975586 1963.414429 1954.665894 1949.171387 1944.344604 1940.809448 
1937.268677 1937.268677 1937.268677 1937.268677 1937.268677 1937.268677 1937.268677 1935.953369 1935.953369 1935.953369 
1935.953369 1935.953369 1935.953369 1935.953369 1935.953369 1935.953369 1935.953369 1935.953369 1935.953369 1935.953369 
1934.056641 1934.056641 1934.056641 1934.056641 1932.56543 1932.56543 1932.56543 1932.56543 1931.854492 1932.097046 
1934.473511 1942.383667 2330.955566 2374.577148 2432.725098 2487.304688 2512.020752 2528.322754 2509.53833 2468.772217 
2442.695557 2407.672607 2378.814697 2363.32251 2351.638184 2347.593262 2343.995117 2332.591797 2310.362793 2278.693115 
2258.487305 2240.853516 2221.991943 2221.991943 2221.991943 2221.991943 2208.67627 2208.67627 2208.67627 2208.67627 
2208.67627 2208.67627 2208.67627 2208.67627 2208.67627 2208.67627 2194.062256 2194.062256 2194.062256 2194.062256 
2194.062256 2194.062256 2194.062256 2194.062256 2194.062256 2194.062256 2180.095947 2180.095947 2180.095947 2180.095947 
2180.095947 2180.095947 2180.095947 2180.095947 2180.095947 2180.095947 2167.437988 2167.437988 2167.437988 2167.437988 
2167.437988 2167.437988 2167.437988 2167.437988 2167.437988 2167.437988 2167.437988 2167.437988 2167.437988 2153.764648 
2153.764648 2153.764648 2153.764648 2153.764648 2153.764648 2153.764648 2153.764648 2153.764648 2153.764648 2153.764648 
2153.764648 2153.764648 2146.693359 2146.693359 2146.693359 2146.693359 2146.693359 2146.693359 2146.693359 2136.978027 
2125.329346 2117.58252 2112.842773 2105.725586 2091.20166 2091.20166 2091.20166 2091.20166 2083.627441 2083.627441 
2083.627441 2083.627441 2083.627441 2083.627441 2083.627441 2083.627441 2083.627441 2083.627441 2091.982666 2104.396484 
2103.685059 2096.363037 2083.986816 2071.550049 2064.781006 2064.781006 2064.781006 2064.781006 2064.781006 2064.781006 
2064.781006 2064.914062 2064.914062 2064.914062 2064.914062 2064.914062 2064.914062 2064.914062 2064.914062 2064.914062 
2064.914062 2073.535645 2062.465576 2042.348877 2025.568726 2023.18811 2021.736572 2024.356812 2026.028687 2026.059204 
2025.966309 2013.775757 1997.601196 1988.660278 1988.660278 1988.660278 1988.660278 1988.660278 1988.660278 1988.660278 
1988.660278 1988.660278 1988.660278 1987.858643 1987.858643 1987.858643 1987.858643 1999.199463 2011.980835 2018.321045 
2016.923218 1997.921143 1975.583984 1961.281372 1953.285522 1947.049683 1943.698242 1943.698242 1943.698242 1943.698242 
1943.698242 1943.698242 1943.698242 1940.318848 1940.318848 1940.318848 1940.318848 1940.318848 1940.318848 1940.318848 
1940.318848 1940.318848 1940.318848 1940.318848 1940.318848 1940.318848 1940.318848 1940.318848 1940.318848 1940.569458 
1940.569458 1940.569458 1940.569458 1940.569458 1940.569458 1940.569458 1939.234985 1938.695435 1938.121216 1938.888794 
1940.775146 1950.436279 2376.936523 2405.509766 2443.822998 2492.091064 2538.881348 2548.029785 2526.893555 2484.841797 
2450.881104 2418.593018 2387.650391 2378.651611 2371.342529 2371.314941 2367.260498 2354.203857 2329.434326 2291.853271 
2265.640137 2252.810547 2252.810547 2252.810547 2252.810547 2227.953613 2227.953613 2227.953613 2227.953613 2227.953613 
2227.953613 2227.953613 2227.953613 2227.953613 2227.953613 2227.953613 2227.953613 2227.953613 2217.353516 2217.353516 
2217.353516 2217.353516 2217.353516 2217.353516 2217.353516 2217.353516 2217.353516 2217.353516 2217.353516 2217.353516 
2217.353516 2198.642578 2198.642578 2198.642578 2198.642578 2183.194336 2183.194336 2183.194336 2183.194336 2178.452881 
2178.452881 2178.452881 2178.452881 2171.037842 2171.037842 2171.037842 2171.037842 2152.859131 2140.567871 2132.219238 
2123.496094 2118.064697 2109.738281 2092.445312 2092.445312 2092.445312 2092.445312 2092.445312 2092.445312 2092.445312 
2090.485107 2090.485107 2090.485107 2090.485107 2090.485107 2090.485107 2090.485107 2090.485107 2090.485107 2090.485107 
2103.249512 2115.62793 2113.122559 2111.845459 2094.309082 2082.1521 2075.874023 2075.874023 2075.874023 2075.874023 
2073.637451 2073.637451 2073.637451 2073.637451 2073.637451 2073.637451 2073.637451 2073.637451 2073.637451 2073.637451 
2080.49707 2084.204102 2066.670166 2049.557617 2043.74646 2043.310913 2049.149658 2046.126343 2041.501709 2030.352051 
2016.791016 2004.937988 1995.901367 1995.901367 1995.901367 1995.901367 1995.901367 1995.901367 1995.901367 1995.901367 
1995.901367 1995.901367 1996.0271 1996.0271 1996.0271 1996.0271 2005.645386 2018.417603 2026.288574 2018.648193 
2002.236694 1978.474976 1966.089478 1955.185181 1950.944458 1947.12146 1947.12146 1947.12146 1947.12146 1947.12146 
1947.12146 1947.12146 1947.12146 1947.12146 1947.12146 1946.519287 1946.519287 1946.519287 1946.519287 1946.519287 
1946.519287 1946.519287 1947.819946 1947.607544 1944.953369 1944.471313 1946.649414 1951.091675 1961.189087 2410.135498 
2445.682373 2479.779297 2526.866455 2548.41333 2549.511719 2524.31665 2486.327393 2445.430664 2416.279297 2398.481201 
2387.836914 2374.819336 2359.587402 2351.241211 2348.445068 2342.572021 2318.902832 2281.76123 2281.76123 2281.76123 
2281.76123 2257.086914 2257.086914 2257.086914 2257.086914 2257.086914 2257.086914 2257.086914 2257.086914 2257.086914 
2257.086914 2257.086914 2257.086914 2257.086914 2242.838623 2242.838623 2242.838623 2242.838623 2242.838623 2242.838623 
2242.838623 2242.838623 2242.838623 2242.838623 2242.838623 2242.838623 2242.838623 2240.590576 2240.590576 2240.590576 
2240.590576 2224.209961 2208.378662 2197.466553 2182.580078 2160.849609 2145.825928 2139.484375 2130.989502 2122.423096 
2110.116943 2097.031006 2097.031006 2097.031006 2097.031006 2097.031006 2097.031006 2097.031006 2097.031006 2097.031006 
2097.031006 2096.206055 2096.206055 2096.206055 2096.206055 2096.206055 2096.206055 2096.206055 2113.126953 2127.962646 
2121.796875 2119.27417 2120.522949 2100.312988 2086.442139 2086.442139 2086.442139 2086.442139 2082.710449 2082.710449 
2082.710449 2082.710449 2082.710449 2082.710449 2082.710449 2082.710449 2082.710449 2082.710449 2082.710449 2082.710449 
2082.710449 2092.906494 2092.906494 2092.906494 2092.906494 2097.308105 2088.715576 2081.086182 2076.126953 2073.630127 
2073.789307 2065.088867 2055.321533 2034.557617 2020.870117 2011.429688 2002.689819 2002.689819 2002.689819 2002.689819 
2002.689819 2002.689819 2002.689819 2002.689819 2002.689819 2002.689819 2004.385864 2004.385864 2004.385864 2004.385864 
2004.385864 2004.385864 2004.385864 2010.094849 2020.837769 2030.912598 2019.896484 2006.340698 1983.664917 1971.782471 
1962.719727 1955.849976 1951.876099 1951.876099 1951.876099 1951.876099 1951.876099 1951.876099 1951.876099 1951.876099 
1951.876099 1951.876099 1951.50293 1951.50293 1951.50293 1951.50293 1959.585327 1957.235596 1952.540771 1950.9198 
1952.319214 1963.974487 1975.449951 2450.144775 2493.908447 2518.41626 2557.529297 2541.302002 2534.019287 2513.226074 
2469.595215 2433.942871 2407.017578 2386.55127 2371.010742 2354.832031 2342.49585 2336.258545 2329.593262 2329.593262 
2329.593262 2329.593262 2322.489014 2322.489014 2322.489014 2322.489014 2301.314453 2301.314453 2301.314453 2301.314453 
2301.314453 2301.314453 2301.314453 2281.427002 2281.427002 2281.427002 2281.427002 2281.427002 2281.427002 2281.427002 
2281.427002 2281.427002 2281.427002 2281.427002 2281.427002 2281.427002 2268.015869 2268.015869 2268.015869 2268.015869 
2268.015869 2268.015869 2268.015869 2268.015869 2268.015869 2268.015869 2268.015869 2268.015869 2268.015869 2270.215576 
2270.215576 2270.215576 2270.215576 2251.449463 2235.760742 2222.971436 2202.746826 2186.339355 2167.466064 2153.178223 
2144.919922 2136.422607 2126.050293 2113.150146 2101.510498 2101.510498 2101.510498 2101.510498 2101.510498 2101.510498 
2101.510498 2101.510498 2101.510498 2101.510498 2102.102295 2102.102295 2102.102295 2102.102295 2121.287842 2142.077148 
2134.226562 2123.57959 2119.615234 2113.946289 2101.23877 2101.23877 2101.23877 2101.23877 2092.40918 2092.40918 
2092.40918 2092.40918 2092.40918 2092.40918 2092.40918 2092.40918 2092.40918 2092.40918 2092.40918 2092.40918 
2092.40918 2092.40918 2092.40918 2092.40918 2102.68042 2102.68042 2102.68042 2102.68042 2111.300049 2110.72998 
2109.693359 2107.038818 2103.400391 2099.142334 2083.338379 2066.48877 2043.855347 2025.417358 2019.990845 2009.22229 
2009.22229 2009.22229 2009.22229 2009.22229 2009.22229 2009.22229 2009.533936 2009.533936 2009.533936 2009.533936 
2009.533936 2009.533936 2009.533936 2009.533936 2009.533936 2009.533936 2012.129395 2020.976318 2028.590332 2016.429321 
2006.033936 1993.605347 1981.616333 1967.030762 1960.840576 1960.840576 1960.840576 1960.840576 1957.992798 1957.992798 
1957.992798 1957.992798 1957.992798 1957.992798 1957.992798 1957.992798 1957.992798 1957.992798 1957.992798 1957.992798 
1957.992798 1963.817017 1963.817017 1963.817017 1963.817017 1976.240479 1972.099365 1964.07959 1958.874634 1960.931152 
1975.488525 1988.628784 2448.445801 2494.456543 2543.900879 2558.640381 2538.661865 2525.285645 2497.966309 2460.561279 
2423.593506 2397.172607 2369.330322 2357.895752 2349.307861 2349.307861 2349.307861 2349.307861 2340.070068 2340.070068 
2340.070068 2340.070068 2340.070068 2340.070068 2340.070068 2333.525879 2333.525879 2333.525879 2333.525879 2333.525879 
2333.525879 2333.525879 2333.525879 2333.525879 2333.525879 2324.570801 2324.570801 2324.570801 2324.570801 2324.570801 
2324.570801 2324.570801 2324.570801 2324.570801 2324.570801 2324.570801 2324.570801 2324.570801 2324.570801 2324.570801 
2324.570801 2314.318115 2314.318115 2314.318115 2314.318115 2314.318115 2314.318115 2314.318115 2314.318115 2314.318115 
2314.318115 2303.194824 2303.194824 2303.194824 2303.194824 2303.194824 2303.194824 2303.194824 2303.194824 2303.194824 
2303.194824 2303.841797 2303.841797 2303.841797 2303.841797 2303.841797 2303.841797 2303.841797 2301.585449 2301.585449 
2301.585449 2301.585449 2281.825684 2266.150391 2251.921631 2228.925049 2205.201904 2190.209961 2176.690186 2158.884521 
2146.624023 2138.617432 2126.144531 2113.323242 2106.025879 2106.025879 2106.025879 2106.025879 2106.025879 2106.025879 
2106.025879 2106.025879 2106.025879 2106.025879 2108.862793 2108.862793 2108.862793 2108.862793 2108.862793 2108.862793 
2108.862793 2119.868896 2137.1604 2141.831543 2133.381348 2121.277588 2111.447021 2104.255127 2104.255127 2104.255127 
2104.255127 2099.892334 2099.892334 2099.892334 2099.892334 2099.892334 2099.892334 2099.892334 2099.892334 2099.892334 
2099.892334 2099.892334 2099.892334 2099.892334 2106.934814 2106.934814 2106.934814 2106.934814 2116.2229 2123.908203 
2129.068115 2134.139404 2134.513428 2122.626221 2105.044922 2076.376465 2053.436035 2034.62915 2028.945312 2018.973389 
2018.973389 2018.973389 2018.973389 2018.973389 2018.973389 2018.973389 2018.973389 2018.973389 2018.973389 2016.996094 
2016.996094 2016.996094 2016.996094 2016.996094 2016.996094 2016.996094 2016.996094 2016.996094 2016.996094 2020.420044 
2025.055176 2028.910767 2014.759644 2005.401245 1993.905151 1981.800293 1972.614746 1967.408447 1967.408447 1967.408447 
1967.408447 1964.531372 1964.531372 1964.531372 1964.531372 1964.531372 1964.531372 1964.531372 1964.531372 1964.531372 
1964.531372 1964.531372 1964.531372 1964.531372 1968.450562 1968.450562 1968.450562 1968.450562 1981.141846 1992.726074 
1979.549805 1966.765625 1969.811157 1990.447632 2009.833618 2448.755615 2494.143799 2544.767578 2559.561035 2539.723633 
2522.295898 2487.306152 2448.51001 2416.573975 2387.741455 2364.499268 2357.024414 2357.024414 2357.024414 2357.024414 
2357.024414 2357.024414 2357.024414 2348.887207 2348.887207 2348.887207 2348.887207 2348.887207 2348.887207 2348.887207 
2348.887207 2348.887207 2348.887207 2348.887207 2348.887207 2348.887207 2340.606201 2340.606201 2340.606201 2340.606201 
2340.606201 2340.606201 2340.606201 2340.606201 2340.606201 2340.606201 2340.606201 2340.606201 2340.606201 2336.961182 
2336.961182 2336.961182 2336.961182 2336.961182 2336.961182 2336.961182 2336.900146 2336.900146 2336.900146 2336.900146 
2336.033936 2335.43457 2329.767578 2313.277344 2298.010498 2279.120605 2257.130127 2228.948975 2210.447754 2198.088379 
2186.362061 2169.463135 2154.035889 2142.886719 2132.056885 2124.307617 2110.998779 2110.998779 2110.998779 2110.998779 
2110.998779 2110.998779 2110.998779 2110.907959 2110.907959 2110.907959 2110.907959 2110.907959 2110.907959 2110.907959 
2110.907959 2110.907959 2110.907959 2110.907959 2110.907959 2110.907959 2110.907959 2110.907959 2110.907959 2115.406738 
2115.406738 2115.406738 2115.406738 2115.406738 2115.406738 2115.406738 2124.971436 2133.649658 2139.612793 2132.693604 
2118.746338 2107.273682 2107.273682 2107.273682 2107.273682 2103.186035 2103.186035 2103.186035 2103.186035 2103.186035 
2103.186035 2103.186035 2103.186035 2103.186035 2103.186035 2103.186035 2103.186035 2103.186035 2103.186035 2103.186035 
2103.186035 2106.339355 2106.339355 2106.339355 2106.339355 2106.339355 2106.339355 2106.339355 2117.306885 2129.188477 
2140.67334 2152.855713 2160.320801 2145.087891 2124.234863 2090.375244 2062.366699 2043.786133 2032.043945 2026.228271 
2026.228271 2026.228271 2026.228271 2026.228271 2026.228271 2026.228271 2026.228271 2026.228271 2026.228271 2026.6427 
2026.6427 2026.6427 2026.6427 2030.035156 2034.779541 2026.842896 2015.262207 2006.218994 1995.677002 1984.640137 
1977.699097 1973.936035 1973.936035 1973.936035 1973.936035 1972.87854 1972.87854 1972.87854 1972.87854 1972.87854 
1972.87854 1972.87854 1972.87854 1972.87854 1972.87854 1974.531494 1983.888184 1996.697388 1992.310913 1973.714478 
1974.827271 1984.547607 1996.338989 2451.247803 2494.604492 2545.5896 2565.958984 2546.832275 2521.278809 2481.012207 
2442.807617 2413.495605 2387.722656 2364.585449 2364.585449 2364.585449 2364.585449 2358.367676 2358.367676 2358.367676 
2358.367676 2358.367676 2358.367676 2358.367676 2358.367676 2358.367676 2358.367676 2358.367676 2358.367676 2358.367676 
2358.367676 2358.367676 2358.367676 2353.642334 2353.642334 2353.642334 2353.642334 2353.642334 2353.642334 2353.642334 
2349.626465 2349.626465 2349.626465 2349.626465 2349.053711 2350.891602 2356.466797 2359.067139 2337.373291 2316.71167 
2298.204834 2276.699707 2258.251709 2235.045898 2217.676514 2206.844482 2193.921875 2178.43335 2162.321045 2147.018311 
2143.286377 2142.947998 2138.637939 2119.600586 2119.600586 2119.600586 2119.600586 2119.600586 2119.600586 2119.600586 
2117.209473 2117.209473 2117.209473 2117.209473 2117.209473 2117.209473 2117.209473 2117.209473 2117.209473 2117.209473 
2117.209473 2117.209473 2117.209473 2117.209473 2117.209473 2117.209473 2120.911133 2120.911133 2120.911133 2120.911133 
2120.911133 2120.911133 2120.911133 2130.691406 2139.837891 2145.857666 2135.344482 2122.273682 2109.069824 2109.069824 
2109.069824 2109.069824 2109.069824 2109.069824 2109.069824 2107.3479 2107.3479 2107.3479 2107.3479 2107.3479 
2107.3479 2107.3479 2107.3479 2107.3479 2107.3479 2107.3479 2107.3479 2107.3479 2107.3479 2107.3479 
2107.3479 2112.952148 2112.952148 2112.952148 2112.952148 2112.952148 2112.952148 2112.952148 2130.13501 2150.580322 
2169.804932 2175.602539 2162.706787 2142.51001 2108.73877 2078.636963 2053.543701 2037.877686 2033.758789 2033.758789 
2033.758789 2033.758789 2033.758789 2033.758789 2033.758789 2033.758789 2033.758789 2033.758789 2036.551636 2036.551636 
2036.551636 2036.551636 2039.638306 2039.50415 2027.368652 2017.741211 2009.088501 1999.561523 1991.477905 1986.127075 
1981.320557 1981.320557 1981.320557 1981.320557 1981.20813 1981.20813 1981.20813 1981.20813 1981.20813 1981.20813 
1981.20813 1981.20813 1981.20813 1981.20813 1984.396606 1990.781738 2002.175537 1997.490234 1982.803589 1982.519043 
1985.372437 1993.170776 2463.458984 2498.49707 2549.062988 2568.931152 2551.927734 2510.179932 2473.915039 2428.090332 
2403.189209 2392.703613 2375.093262 2375.093262 2375.093262 2375.093262 2375.093262 2375.093262 2375.093262 2369.194092 
2369.194092 2369.194092 2369.194092 2369.194092 2369.194092 2369.194092 2369.194092 2369.194092 2369.194092 2367.158691 
2364.803955 2365.827881 2369.546387 2363.240479 2343.487549 2325.811279 2309.76123 2294.715332 2276.269287 2257.664795 
2240.880859 2232.606934 2214.949707 2201.370605 2183.410156 2170.789062 2158.898682 2154.684326 2151.195312 2148.588867 
2132.198975 2122.710693 2122.710693 2122.710693 2122.710693 2122.710693 2122.710693 2122.710693 2122.299805 2122.299805 
2122.299805 2122.299805 2122.299805 2122.299805 2122.299805 2122.299805 2122.299805 2122.299805 2130.451416 2141.034912 
2150.474609 2155.672852 2141.493652 2120.852051 2111.621094 2111.621094 2111.621094 2111.621094 2111.621094 2111.621094 
2111.621094 2112.052002 2112.052002 2112.052002 2112.052002 2112.052002 2112.052002 2112.052002 2112.052002 2112.052002 
2112.052002 2120.536133 2141.647461 2175.625732 2200.242188 2179.825684 2160.453125 2127.605225 2093.899414 2069.30957 
2051.422852 2042.182251 2042.182251 2042.182251 2042.182251 2043.662598 2049.493164 2051.084717 2035.657715 2023.05542 
2015.282227 2006.579224 1998.0979 1994.531738 1989.469482 1989.469482 1989.469482 1989.469482 1989.610229 1989.610229 
1989.610229 1989.610229 1989.610229 1989.610229 1989.610229 1989.610229 1989.610229 1989.610229 1994.425293 2002.316528 
2008.734863 2015.159668 1999.639771 1992.616455 1992.928955 2004.449097 2482.260986 2517.591064 2561.410156 2570.38501 
2542.431885 2500.612305 2466.481201 2426.841064 2400.896484 2390.916992 2382.12793 2382.12793 2382.12793 2382.12793 
2382.12793 2382.12793 2382.12793 2383.717773 2383.717773 2383.717773 2383.717773 2383.717773 2383.717773 2383.717773 
2389.431885 2387.016602 2390.522949 2382.536621 2354.143799 2339.31665 2323.373291 2308.839355 2293.728027 2278.824219 
2267.520508 2250.690186 2237.032959 2224.153076 2207.622314 2189.868896 2176.208496 2166.708496 2160.341797 2154.389404 
2146.892822 2133.754883 2126.622314 2126.622314 2126.622314 2126.622314 2126.622314 2126.622314 2126.622314 2125.283936 
2125.283936 2125.283936 2125.283936 2125.283936 2125.283936 2125.283936 2125.283936 2125.283936 2125.283936 2130.983154 
2140.997314 2152.69458 2163.387207 2160.723633 2139.083252 2117.915527 2117.915527 2117.915527 2117.915527 2115.288086 
2115.288086 2115.288086 2115.288086 2115.288086 2115.288086 2115.288086 2115.288086 2115.288086 2115.288086 2115.288086 
2115.288086 2115.288086 2115.288086 2115.288086 2115.288086 2119.073486 2119.073486 2119.073486 2119.073486 2119.073486 
2119.073486 2119.073486 2130.92041 2166.15332 2198.263916 2200.44873 2175.364746 2144.19873 2113.044922 2087.111084 
2068.967285 2054.742188 2052.295654 2057.022949 2065.089111 2050.960205 2029.068848 2020.689453 2013.691895 2007.210815 
2005.633179 1995.831909 1995.831909 1995.831909 1995.831909 1995.639038 1995.639038 1995.639038 1995.639038 1995.639038 
1995.639038 1995.639038 1995.639038 1995.639038 1995.639038 1995.639038 1995.639038 1995.639038 1995.639038 1995.639038 
1995.639038 2001.376099 2001.376099 2001.376099 2001.376099 2011.714233 2017.724731 2023.809692 2011.649536 2004.912231 
2005.084595 2012.137329 2503.250977 2531.874023 2565.119629 2567.463135 2530.724365 2485.260742 2453.790771 2420.296387 
2401.868652 2393.883545 2394.666992 2402.491943 2412.087891 2418.255127 2414.312988 2392.082031 2367.510254 2348.412842 
2328.402588 2313.131836 2300.565918 2285.702148 2276.157227 2258.896973 2239.275879 2222.695801 2211.966064 2198.303711 
2182.374268 2170.394775 2162.081543 2154.433105 2144.776123 2134.029541 2128.19043 2128.19043 2128.19043 2128.19043 
2128.19043 2128.19043 2128.19043 2128.19043 2128.19043 2128.19043 2127.873047 2127.873047 2127.873047 2127.873047 
2127.873047 2127.873047 2127.873047 2132.558105 2141.274902 2152.463867 2163.608154 2172.115234 2158.094971 2130.489014 
2120.049072 2120.049072 2120.049072 2120.049072 2120.049072 2120.049072 2120.049072 2119.95166 2119.95166 2119.95166 
2119.95166 2119.95166 2119.95166 2119.95166 2119.95166 2119.95166 2119.95166 2119.95166 2119.95166 2119.95166 
2119.95166 2119.95166 2119.95166 2127.645752 2127.645752 2127.645752 2127.645752 2127.645752 2127.645752 2127.645752 
2154.648193 2191.383789 2216.793457 2194.057373 2160.344971 2126.82666 2101.330566 2082.824463 2070.860107 2062.331543 
2066.078613 2073.532715 2072.018555 2043.394775 2027.842529 2021.923706 2021.501953 2020.539673 2008.024658 2002.557251 
2002.557251 2002.557251 2002.557251 2002.557251 2002.557251 2002.557251 2002.557251 2002.557251 2002.557251 2008.239746 
2008.239746 2008.239746 2008.239746 2008.239746 2008.239746 2008.239746 2020.360352 2025.185303 2034.901733 2028.513306 
2013.064453 2013.213379 2018.64624 2532.727783 2562.631592 2580.706543 2563.764404 2520.345215 2485.828369 2453.45874 
2419.799316 2407.045898 2404.109131 2412.669434 2420.502441 2433.469971 2439.163086 2436.206055 2420.287109 2394.456055 
2366.192627 2343.859619 2325.802002 2312.455322 2300.094238 2289.418701 2270.485596 2248.204346 2228.437988 2211.258057 
2197.832275 2185.553223 2173.318848 2163.405273 2153.341553 2144.759521 2136.430664 2130.964844 2130.964844 2130.964844 
2130.964844 2130.964844 2130.964844 2130.964844 2130.964844 2130.964844 2130.964844 2131.402344 2131.402344 2131.402344 
2131.402344 2133.602539 2144.125488 2156.22583 2168.041504 2181.532227 2180.007324 2154.412109 2132.21875 2127.8125 
2127.8125 2127.8125 2127.8125 2127.8125 2127.8125 2127.8125 2128.841309 2128.841309 2128.841309 2128.841309 
2128.841309 2128.841309 2128.841309 2128.841309 2128.841309 2128.841309 2151.323486 2183.9021 2214.699707 2204.09375 
2171.51709 2139.807129 2113.345703 2094.351807 2083.032227 2076.586182 2077.955078 2082.120361 2075.460205 2055.678711 
2038.803345 2033.492065 2033.638062 2034.284912 2024.643921 2011.79895 2011.79895 2011.79895 2011.79895 2011.79895 
2011.79895 2011.79895 2013.248169 2013.248169 2013.248169 2013.248169 2013.248169 2013.248169 2013.248169 2013.248169 
2013.248169 2013.248169 2032.285889 2045.354858 2052.190918 2050.887451 2026.912109 2027.362183 2030.184204 2556.046631 
2596.561279 2592.151367 2558.960693 2511.633301 2484.918213 2462.037354 2438.823486 2420.903564 2421.674561 2429.452148 
2436.29126 2449.975342 2454.700439 2458.471436 2450.030762 2423.726074 2395.41626 2366.091553 2344.091797 2326.176758 
2312.677734 2304.258789 2282.079346 2257.535889 2237.211182 2215.309082 2197.037109 2184.178467 2171.992188 2162.467285 
2153.104248 2144.812988 2139.422852 2133.627197 2133.627197 2133.627197 2133.627197 2133.627197 2133.627197 2133.627197 
2133.627197 2133.627197 2133.627197 2133.724609 2133.724609 2133.724609 2133.724609 2141.001221 2154.700684 2167.182861 
2184.134277 2200.205078 2204.946533 2175.997803 2151.138672 2146.482178 2146.482178 2146.482178 2146.482178 2142.837891 
2142.837891 2142.837891 2142.837891 2142.837891 2142.837891 2142.837891 2154.114014 2182.770752 2211.908691 2213.683594 
2177.365967 2150.624268 2124.978271 2104.590576 2095.471191 2092.056641 2092.45874 2089.784424 2083.578613 2064.713135 
2048.055664 2044.226074 2045.977905 2049.810547 2044.601807 2026.071167 2026.071167 2026.071167 2026.071167 2026.824829 
2026.824829 2026.824829 2026.824829 2026.824829 2026.824829 2026.824829 2026.824829 2026.824829 2026.824829 2036.76001 
2054.098633 2061.895996 2063.894775 2048.616699 2046.124756 2045.68811 2577.516846 2613.85498 2585.904785 2550.234619 
2531.387207 2505.024902 2476.766846 2452.322266 2439.750488 2442.824951 2441.864502 2453.571533 2463.134521 2467.401611 
2472.860352 2475.675293 2443.384033 2416.704102 2388.977295 2362.071045 2340.926514 2326.22583 2311.920654 2293.725586 
2270.332031 2247.274902 2219.653564 2198.202637 2185.339355 2172.624268 2161.421875 2153.259033 2145.877441 2141.702393 
2141.702393 2141.702393 2141.702393 2137.518066 2137.518066 2137.518066 2137.518066 2137.518066 2137.518066 2137.518066 
2137.518066 2137.518066 2137.518066 2137.518066 2137.518066 2137.518066 2137.518066 2137.518066 2137.518066 2138.481201 
2138.481201 2138.481201 2138.481201 2150.567627 2167.331787 2183.567139 2204.128418 2224.186279 2233.422607 2197.712646 
2171.473877 2162.982422 2157.024658 2160.860352 2180.223389 2208.199219 2224.267334 2188.655029 2164.312988 2144.714111 
2118.722412 2108.162598 2105.515869 2104.730469 2097.87793 2090.468018 2076.622559 2063.980957 2056.705811 2056.817627 
2064.786377 2066.85083 2041.657593 2041.657593 2041.657593 2041.657593 2040.937866 2040.937866 2040.937866 2040.937866 
2040.937866 2040.937866 2040.937866 2040.937866 2040.937866 2040.937866 2047.474121 2059.441895 2067.078613 2071.640381 
2069.749756 2060.258789 2059.223145 2587.666992 2619.12207 2563.478027 2534.278076 2532.54834 2523.525146 2501.220947 
2465.315918 2464.297852 2450.586182 2451.707031 2467.397949 2477.677734 2479.617188 2485.87793 2491.887695 2467.680176 
2439.548584 2413.39624 2386.591309 2357.606445 2337.550293 2319.986328 2303.618408 2281.578125 2254.080078 2226.93457 
2205.008301 2189.939453 2174.465332 2161.4646 2154.794434 2149.827881 2143.942871 2143.942871 2143.942871 2143.942871 
2142.991699 2142.991699 2142.991699 2142.991699 2142.991699 2142.991699 2142.991699 2145.422119 2158.847412 2175.078125 
2196.789795 2220.328125 2240.198975 2250.579102 2211.640869 2190.539307 2179.233887 2170.183838 2169.415771 2180.533691 
2207.888672 2233.969238 2197.498535 2177.593018 2157.453369 2136.393066 2122.591309 2118.902588 2119.525879 2110.483398 
2096.03125 2084.29248 2074.391602 2069.984375 2070.145264 2078.186035 2084.446777 2057.304443 2057.304443 2057.304443 
2057.304443 2057.304443 2057.304443 2057.304443 2052.830811 2052.830811 2052.830811 2052.830811 2052.830811 2052.830811 
2052.830811 2052.830811 2052.830811 2052.830811 2057.251709 2070.621094 2075.825928 2077.751465 2078.512207 2075.480469 
2074.418457 2607.042969 2619.084473 2561.617188 2534.004395 2523.469482 2516.232666 2507.119873 2503.368408 2470.334229 
2468.003662 2482.342285 2493.584229 2494.863525 2493.780029 2500.503906 2506.067627 2487.69458 2464.418457 2433.659912 
2410.107178 2379.806641 2352.656006 2330.158691 2314.04126 2290.913086 2261.997803 2236.22876 2211.567871 2193.395752 
2176.966553 2164.496094 2156.969238 2151.466309 2147.65918 2148.110352 2150.36084 2161.066895 2172.162109 2191.918945 
2214.084229 2235.726074 2256.614502 2236.434082 2210.274902 2194.497559 2186.428711 2183.80542 2188.413086 2210.381836 
2238.597656 2211.985352 2192.331299 2172.051514 2154.938477 2137.050293 2134.471191 2137.968018 2127.911133 2108.2146 
2095.902344 2088.67041 2080.32959 2080.189941 2087.991455 2090.578125 2065.292725 2065.292725 2065.292725 2065.292725 
2065.292725 2065.292725 2065.292725 2065.680908 2065.680908 2065.680908 2065.680908 2065.680908 2065.680908 2065.680908 
2071.739014 2076.448975 2081.175537 2082.753418 2084.698975 2087.321533 2087.714111 2632.375 2620.578857 2563.959473 
2538.727295 2522.971191 2518.693115 2519.566162 2515.401855 2497.226074 2499.536621 2504.618652 2516.108154 2511.547852 
2511.024414 2512.374512 2521.888672 2502.513916 2478.91333 2446.618164 2422.251953 2396.166504 2365.905762 2345.260498 
2324.398682 2300.643066 2273.197266 2244.581787 2217.827637 2198.406982 2180.853271 2167.871582 2158.559814 2154.202881 
2150.256836 2150.551025 2154.196777 2161.0625 2172.054443 2190.925049 2212.565674 2234.102295 2255.974854 2268.072266 
2235.211182 2215.550049 2205.058594 2200.705566 2200.028809 2212.963135 2244.784424 2227.986816 2210.742676 2192.177979 
2173.92749 2158.497803 2153.808594 2154.827881 2145.463623 2122.644043 2109.671631 2102.407471 2094.330566 2094.291016 
2098.6521 2090.000977 2075.807617 2076.833252 2083.820312 2083.755615 2086.20166 2090.411133 2096.808105 2100.97168 
2101.282227 2627.599121 2627.62915 2588.321045 2554.628418 2546.2229 2525.93335 2531.940186 2551.006348 2543.196045 
2533.424316 2538.41333 2537.05835 2529.956055 2525.373047 2526.424805 2533.827881 2519.221924 2490.282959 2459.474121 
2430.810303 2406.093018 2383.220947 2359.922852 2334.692871 2307.383545 2277.960205 2250.964111 2224.331787 2205.508057 
2185.86792 2171.807373 2162.155029 2155.565186 2152.376465 2152.41626 2155.651123 2162.780273 2172.982422 2190.950439 
2213.068359 2233.963379 2256.482666 2276.274414 2263.175293 2235.442627 2224.915283 2220.63501 2217.309814 2221.059814 
2244.865479 2245.187256 2228.773682 2213.181152 2194.660889 2179.288086 2176.320557 2176.601562 2161.51001 2140.783447 
2124.954346 2119.700684 2108.541504 2108.550293 2101.020264 2090.827393 2085.769043 2088.261719 2091.372314 2091.625977 
2095.401123 2103.192383 2109.981689 2112.894531 2111.407715 2591.47998 2598.662354 2609.338135 2602.181396 2587.038818 
2571.189941 2579.274414 2587.897217 2591.832764 2577.991943 2568.698486 2548.860107 2513.653809 2492.711182 2492.626465 
2506.863525 2525.984619 2495.098145 2465.379883 2435.568848 2409.89624 2391.664795 2378.165283 2342.88501 2316.103271 
2286.6875 2258.050781 2231.19873 2210.904297 2191.484619 2176.22998 2165.676514 2157.558105 2154.761719 2154.333252 
2156.13501 2162.804688 2173.049072 2189.743408 2212.026855 2234.772461 2258.638672 2289.647461 2283.63916 2258.360352 
2239.43457 2231.979736 2231.34668 2231.428223 2244.164062 2258.529785 2246.428467 2231.51001 2213.411865 2200.799072 
2197.336914 2202.255615 2184.837158 2161.773682 2141.637695 2133.520508 2126.684082 2120.029785 2105.108643 2096.172363 
2093.580566 2097.31665 2097.671875 2097.938232 2106.64624 2114.448486 2117.883057 2120.188965 2118.418945 2544.626465 
2561.015137 2586.515137 2613.682129 2610.911133 2588.766357 2588.358887 2582.65625 2584.00708 2605.911621 2559.428955 
2516.674805 2474.535156 2451.183105 2447.42627 2462.112061 2480.190918 2485.893799 2471.270264 2440.075928 2411.22876 
2393.048096 2375.695557 2346.579346 2321.287109 2291.412109 2262.462891 2238.262451 2217.25708 2197.252197 2180.033936 
2169.900879 2160.876465 2157.541016 2156.217529 2157.095703 2163.69873 2173.887451 2189.205322 2210.341064 2233.60791 
2256.542725 2283.097412 2304.479492 2278.335205 2257.009766 2244.112549 2242.427979 2242.186523 2246.128906 2262.530273 
2265.490967 2251.518311 2233.380371 2217.680908 2215.233643 2222.111084 2203.553223 2183.036865 2163.028076 2149.162109 
2135.095459 2119.85376 2108.676758 2103.342773 2102.691162 2105.314697 2106.911621 2110.183105 2116.248047 2122.5896 
2125.179199 2127.630127 2123.8396 2495.766113 2514.209229 2549.968994 2587.49707 2608.348877 2569.928955 2551.117676 
2543.606445 2548.082031 2583.528809 2543.520996 2491.86084 2442.921387 2406.406494 2402.549316 2413.303467 2427.305664 
2442.221924 2473.268066 2438.345459 2406.998779 2389.530762 2376.345459 2349.121826 2325.375 2296.296875 2267.202637 
2243.474365 2219.039795 2203.744385 2184.61084 2172.257324 2165.368896 2160.688965 2158.316406 2159.69873 2164.697021 
2173.235352 2187.038574 2205.911865 2229.158691 2252.895264 2276.5979 2303.384277 2306.375732 2273.913818 2259.300781 
2254.34375 2252.698242 2252.810303 2267.290771 2281.390381 2274.373047 2260.653809 2248.115234 2240.951904 2241.049316 
2226.26001 2204.132812 2180.351807 2163.777832 2143.84082 2125.032471 2113.644043 2110.272949 2111.575195 2112.925293 
2113.661377 2118.094482 2124.018311 2130.265137 2133.897949 2136.368896 2134.168213 2434.008545 2455.573242 2503.390381 
2543.727539 2581.421631 2550.258057 2509.499268 2493.022949 2501.54834 2529.566895 2531.061768 2476.575439 2418.222656 
2375.307617 2351.317383 2358.580322 2368.151123 2398.302734 2434.911133 2431.589355 2392.072998 2366.351807 2363.30835 
2352.913818 2330.101807 2307.95166 2276.3479 2248.953613 2221.516113 2209.571289 2192.273438 2174.795654 2167.418213 
2163.301514 2161.094238 2161.824707 2166.026611 2172.73291 2185.418213 2202.884521 2224.147461 2247.295654 2270.690674 
2297.94043 2323.525635 2302.269043 2280.388916 2274.696289 2266.284424 2265.391846 2269.893799 2285.023193 2297.468506 
2290.174805 2278.418945 2270.53125 2266.332275 2250.267334 2227.280029 2195.73291 2168.143555 2150.189209 2130.166016 
2120.364014 2118.117188 2118.368164 2119.130859 2119.886719 2123.466553 2129.456787 2136.829346 2144.325439 2145.981689 
2144.269287 2381.635986 2398.945312 2451.914795 2498.933594 2505.455811 2495.093262 2465.70752 2437.13916 2444.893311 
2469.057129 2517.945557 2461.979004 2400.732422 2350.482422 2310.299316 2303.021973 2317.383057 2345.832764 2381.885254 
2414.337158 2369.423828 2330.584229 2319.875488 2323.85498 2331.054688 2309.960693 2281.876465 2252.141357 2217.545654 
2194.134521 2194.441162 2183.286621 2170.35083 2166.045166 2164.510986 2164.285889 2165.746826 2171.703369 2182.519043 
2196.851318 2216.52002 2238.634033 2262.468262 2286.125977 2312.2229 2324.088379 2309.616699 2306.51416 2289.513184 
2276.960205 2278.070312 2286.853027 2302.572754 2312.265625 2302.270996 2293.35791 2281.862549 2262.919434 2239.289551 
2207.473877 2172.328369 2153.595947 2136.005859 2127.65625 2126.080566 2126.169189 2126.021973 2125.731934 2128.008789 
2134.345703 2141.612793 2149.004639 2147.696533 2142.868652 2339.999023 2355.408936 2402.248291 2436.718262 2436.469971 
2422.168945 2393.585449 2376.651855 2389.981689 2420.289307 2457.702881 2447.513428 2389.721191 2330.561035 2283.373047 
2257.958008 2268.77002 2297.652832 2335.84082 2363.737793 2343.568604 2289.405762 2261.795166 2262.452393 2271.72998 
2283.656738 2269.669189 2254.253418 2199.983887 2168.26001 2162.827637 2167.575684 2174.37793 2169.785156 2166.484863 
2163.746582 2163.63208 2168.397949 2176.394775 2189.763184 2207.842773 2227.241455 2245.943359 2268.496826 2289.601318 
2304.205322 2318.972656 2319.793701 2310.164062 2292.098389 2287.481445 2290.449463 2304.812256 2324.030518 2321.657959 
2309.66333 2293.91626 2270.807129 2245.674316 2213.765869 2177.887451 2158.453857 2145.266113 2142.310547 2137.275146 
2136.491455 2132.596924 2130.418701 2131.302246 2136.023193 2143.303711 2151.15332 2144.36792 2132.549316 2301.260742 
2323.163086 2368.920654 2371.339111 2383.161865 2362.072266 2338.80249 2321.650146 2336.521484 2369.112793 2396.138672 
2395.20874 2348.339844 2297.265869 2248.932617 2212.830078 2221.318604 2249.689209 2281.986572 2287.095947 2278.348389 
2268.0979 2200.623535 2199.004639 2201.030518 2216.687744 2217.424805 2206.184814 2171.725098 2134.167236 2129.892822 
2134.767334 2143.65332 2148.473145 2158.499512 2157.090332 2158.95166 2158.743652 2164.424072 2177.167236 2191.211914 
2209.802246 2226.85498 2246.25415 2266.462646 2279.492432 2293.257324 2312.462891 2325.962891 2306.202881 2296.935547 
2297.525879 2303.95166 2319.440674 2335.080322 2321.737305 2297.681641 2273.998535 2251.300293 2218.43042 2187.561768 
2166.515137 2158.053955 2149.707031 2142.733643 2134.353271 2132.0979 2129.78418 2130.982666 2136.441162 2143.198975 
2149.94165 2135.03418 2117.484619 2258.069336 2291.170898 2314.176025 2309.912842 2321.230713 2310.748535 2286.101807 
2267.233643 2292.286621 2316.650391 2332.204834 2341.534912 2300.835205 2261.770996 2209.947754 2172.822754 2175.889404 
2203.614502 2222.38208 2219.28418 2205.500244 2211.905029 2158.195312 2136.139893 2134.648193 2145.737305 2147.207275 
2137.246338 2141.367188 2092.857422 2081.177734 2082.296143 2086.571289 2098.520996 2123.106201 2124.151367 2129.426514 
2131.989746 2149.226807 2161.611328 2172.074463 2184.271484 2198.060547 2220.223389 2238.297607 2260.4021 2277.947266 
2300.395508 2322.180664 2315.720947 2303.463623 2299.952637 2301.668457 2312.906738 2326.425293 2328.763428 2306.437988 
2284.409668 2256.588379 2223.91626 2198.105225 2176.681885 2164.845215 2151.022705 2138.470459 2128.906006 2123.793213 
2123.856445 2129.180176 2135.088379 2136.076172 2136.008301 2116.904297 2098.148682 2219.131104 2245.27832 2259.843018 
2258.578857 2264.399658 2257.478516 2236.879883 2220.320312 2245.278076 2257.208496 2264.972412 2283.173584 2250.495605 
2217.890381 2181.865723 2139.16626 2134.332275 2156.577148 2156.293457 2152.601807 2138.688721 2125.704346 2101.498535 
2068.029785 2072.310791 2083.843506 2084.227783 2065.679688 2084.283203 2049.352539 2036.344116 2037.336182 2035.371948 
2053.792725 2072.228516 2075.898193 2085.593994 2103.44458 2125.356689 2136.158691 2142.17749 2155.2146 2165.924561 
2182.336426 2209.633301 2231.946289 2252.429932 2276.205566 2307.637695 2318.950928 2298.918945 2291.75 2295.777832 
2306.094727 2318.324951 2332.890625 2318.908936 2295.727051 2268.779053 2238.790527 2214.169922 2190.509521 2168.949463 
2150.898193 2137.202637 2121.810547 2118.230713 2119.995117 2126.855957 2124.958252 2124.913818 2119.67334 2094.724365 
2073.493164 2190.927734 2200.826172 2212.895752 2214.481934 2208.230957 2201.181641 2191.869629 2180.104492 2194.114258 
2193.95459 2196.074951 2209.93042 2187.912842 2167.506348 2140.745117 2102.391357 2091.394531 2103.4729 2093.911621 
2084.991943 2072.407715 2066.620605 2047.75647 2019.067017 2010.668701 2018.39856 2024.637207 2014.327759 2019.232422 
2001.880981 1983.51062 1987.510254 1984.291992 2002.266357 2020.343384 2023.42395 2030.64209 2053.451172 2071.295898 
2074.071533 2088.053955 2107.61084 2120.145264 2147.94458 2177.613037 2200.079102 2221.805664 2250.702637 2288.313232 
2311.531982 2289.426514 2283.596436 2287.797607 2293.996826 2300.660645 2313.510498 2326.374756 2309.085449 2283.229248 
2248.349854 2232.598389 2205.524658 2179.45874 2156.158936 2134.773438 2110.492188 2108.06543 2113.2146 2117.159912 
2107.666748 2107.704346 2095.457764 2068.404541 2047.70105 2163.184326 2163.94873 2170.301025 2168.698486 2159.23291 
2150.438477 2146.577148 2134.315674 2145.005371 2139.198486 2145.950928 2145.950439 2129.742432 2115.744141 2099.227783 
2078.132324 2038.748169 2038.231934 2035.296143 2042.19812 2012.96228 2001.376099 1986.120239 1978.098145 1962.724609 
1964.271484 1961.183472 1957.910156 1957.802979 1950.544922 1940.178345 1948.609863 1950.146118 1950.328369 1966.781982 
1969.230591 1975.185669 2005.333984 2023.450928 2026.718628 2038.015259 2063.371094 2077.820068 2117.364258 2142.226318 
2156.485596 2179.787842 2221.877686 2256.521973 2286.090576 2273.612061 2267.642822 2268.68335 2272.058594 2277.778564 
2291.790527 2306.655518 2322.318115 2300.074219 2266.152832 2248.266357 2221.396484 2192.015869 2161.981201 2134.464844 
2106.384766 2097.901123 2099.271729 2096.041992 2090.162109 2090.208496 2075.67041 2049.17041 2026.157837 2148.162109 
2146.514893 2138.242676 2134.806396 2128.729004 2113.063477 2113.077393 2094.91333 2094.006592 2083.765381 2093.669678 
2092.076172 2084.501953 2070.227051 2043.328003 2030.277954 2005.5177 1997.494873 1987.152588 1985.414062 1971.407104 
1957.643799 1942.962646 1937.067017 1936.127075 1927.521484 1928.033325 1926.14624 1922.856201 1922.016235 1922.519531 
1925.93042 1927.494629 1925.312378 1926.289795 1929.392456 1938.952637 1960.924683 1979.608887 1986.674927 1999.302368 
2020.345947 2044.491455 2083.64502 2101.907715 2118.772949 2151.861328 2194.32373 2226.63623 2251.089355 2258.192871 
2249.023193 2246.863037 2250.940674 2252.178711 2271.47168 2289.68335 2304.811768 2310.310303 2276.936768 2260.438965 
2238.691895 2204.969238 2169.608154 2134.219971 2104.725586 2087.763672 2085.011963 2080.682373 2075.123779 2074.535645 
2056.022949 2031.323975 2012.297241 